0.83568	1.8339	-2.2588	0.86217	0.31877	-1.3077	-0.43359	0.34262	3.5784	2.7694	-1.3499	3.0349	0.7254	-0.063055	0.71474	-0.20497	-0.12414	1.4897	1.409	1.4172	0.6715	-1.2075	0.71724	1.6302	0.48889	1.0347	0.72689	-0.30344	0.29387	-0.78728	0.8884	-1.1471	-1.0689	-0.97639	-2.7778	1.605	0.16635	-0.58592	1.5297	-1.8717	0.073751	-0.072615	0.47524	0.15569	-0.70088	0.13264	-0.34124	0.7953	1.0933	1.1093	-0.86365	0.077359	-1.2141	-1.1135	-0.0068493	1.5326	-0.76967	0.37138	-0.22558	1.1174
-1.6927	0.032557	0.55253	1.1006	1.5442	0.085931	-1.4916	-0.7423	-1.0616	2.3505	-0.6156	0.74808	-0.19242	0.88861	-0.76485	-1.4023	-1.4224	0.48819	-0.17738	-0.19605	1.4193	0.29158	0.19781	1.5877	-0.80447	0.69662	0.83509	-0.24372	0.21567	-1.1658	-1.148	0.10487	0.72225	2.9235	-1.0042	-0.15009	0.23924	-2.2754	-0.76188	-1.4703	0.48389	-1.23	-0.21597	-0.22618	-0.02867	-0.92986	0.84719	0.39989	1.7119	-0.19412	-2.1384	-0.83959	1.3546	-1.0722	0.96095	0.12405	1.4367	-1.9609	-0.1977	-1.2078
4.5198	0.82522	1.379	-1.0582	-0.46862	-0.27247	1.0984	-0.27787	0.70154	-2.0518	-0.35385	-0.82359	-1.5771	0.50797	0.28198	0.03348	-1.3337	1.1275	0.35018	-0.29907	0.02289	-0.262	-1.7502	-0.28565	-0.83137	-0.97921	-1.1564	-0.53356	-2.0026	0.96423	0.52006	-0.020028	-0.034771	-1.7008	1.9193	0.76776	-1.5736	2.2655	0.63747	-1.4552	0.65812	0.065211	-0.27619	1.676	2.5425	1.1875	-2.211	0.04098	-0.17653	0.79142	-1.332	-2.3299	-1.4491	0.33351	0.39135	0.45168	-0.13028	0.18369	-0.47615	0.86202
-2.1164	0.45503	-0.84871	-0.33489	0.55278	1.0391	-1.1176	1.2607	0.66014	-0.067866	-0.19522	-0.21761	-0.30311	0.023046	0.05129	0.82606	1.527	0.46691	-0.20971	0.62519	0.18323	-1.0298	0.94922	0.30706	0.13517	0.51525	0.26141	-0.94149	-0.16234	-0.14605	-0.53201	1.6821	-0.87573	-0.061142	-1.1337	-1.5961	0.21003	-0.7021	1.1263	0.15655	-1.5099	1.1759	0.8395	0.16841	-1.9215	-0.85665	0.29071	-0.14838	-0.26116	0.44342	0.39189	-1.2507	-0.94796	-0.74111	-0.50782	-0.32058	0.012469	-3.0292	-0.45701	1.2424
-1.6579	0.93373	0.35032	-0.029006	0.18245	-1.5651	-0.084539	1.6039	0.098348	0.041374	-0.73417	-0.030814	0.23235	0.42639	-0.37281	-0.23645	2.0237	-2.2584	2.2294	0.33756	1.0001	-1.6642	-0.59003	-0.27806	0.42272	-1.6702	0.47163	-1.2128	0.06619	0.65236	0.32706	1.0826	1.0061	-0.3198	-0.073321	-1.2749	-1.0067	0.58953	-0.31623	0.26279	0.56197	0.25963	0.040631	1.5621	0.60442	-0.083004	-0.34047	-0.98405	1.1921	-1.6118	-0.024462	-1.9488	1.0205	0.86172	0.0011621	-0.070837	-2.4863	0.58117	-2.1924	-2.3193
0.12424	-0.94848	0.41149	0.67698	0.85773	-0.69116	0.44938	0.10063	0.82607	0.53616	0.89789	-0.13194	-0.1472	1.0078	-2.1237	-0.50459	-1.2706	-0.38258	0.64868	0.82573	-1.0149	-0.47107	0.13702	-0.29186	0.30182	0.39993	-0.92996	-0.17683	-2.1321	1.1454	-0.62909	-1.2038	-0.25394	-1.4535	0.0038993	-0.5359	2.1542	1.1636	-2.4732	0.41752	-1.372	-0.22996	0.1876	0.72437	-0.24867	1.6005	-0.50716	0.35243	0.66473	0.085189	0.88095	0.32321	-0.78415	-1.8054	1.8586	-0.60453	0.10336	0.56317	0.1136	-0.90473
-0.72695	-0.12489	1.479	-0.86082	0.78467	0.30862	-0.23386	-1.057	-0.28414	-0.08669	-1.4694	0.19218	-0.82229	-0.094241	0.33621	-0.90465	-0.28826	0.35006	-1.8359	1.036	2.4245	0.9594	-0.31577	0.42862	-1.036	1.8779	0.9407	0.78735	-0.87587	0.31995	-0.55829	-0.31143	-0.57001	-0.88055	-1.0536	-0.35481	-1.5607	0.46058	-0.25648	0.83847	0.11655	0.34742	-1.6189	-0.88355	-0.58966	-0.031864	1.2822	-0.43575	1.2616	0.47542	1.1741	0.12695	-0.65682	-1.4814	0.15549	0.81855	-0.29259	-0.54079	-0.30864	-1.0966
-0.76627	-0.18074	0.045841	-0.063783	0.61134	0.10932	1.814	0.31202	1.8045	-0.72312	0.52655	-0.26025	0.60014	0.59393	-2.186	-1.327	-1.441	0.40184	1.4702	-0.32681	0.81232	0.54554	-1.0516	0.39747	-0.75189	1.5163	-0.032567	1.636	-0.42506	0.58943	-0.062791	-2.022	-0.98213	0.76554	-0.20758	-1.2715	-0.48073	0.094548	-1.1392	1.1218	-0.80209	1.6541	-1.2229	0.3433	-1.6714	-0.87281	-0.43154	0.24766	0.94213	0.30049	-0.37307	0.81549	0.79889	0.12021	0.57125	0.4128	-0.98696	0.75957	-0.6572	-0.60392
0.27502	-0.3075	-0.13182	0.59536	1.0468	-0.19796	0.32768	-0.2383	0.2296	0.44	-0.61687	0.27484	0.6011	0.092308	1.7298	-0.60856	-0.73706	-1.7499	0.91048	0.86708	-0.079893	0.89848	0.1837	0.29079	0.11294	0.43995	0.10166	2.7873	-1.1667	-1.8543	-1.1407	-1.0933	-0.43361	-0.22339	-0.16373	0.59616	0.33699	0.80685	1.8307	1.1704	-1.2253	-2.2734	0.95328	-1.8874	0.12073	0.089021	2.1691	-0.014059	-0.50732	0.23581	0.2458	0.070045	-0.60858	-1.2226	0.3165	-1.3429	-1.0322	1.3312	-0.4189	-0.14032
1.3986	-0.30011	1.0294	-0.34507	1.0128	0.62933	-0.21302	-0.8657	-1.0431	-0.27007	-0.43814	-0.40867	0.98355	-0.2977	1.1437	-0.53162	0.97257	-0.52225	0.17658	0.97074	-0.41397	-0.43827	2.0034	0.95099	-0.432	0.64894	-0.36008	0.70589	1.4158	-1.6045	1.0289	1.458	0.047471	1.4669	0.43408	-0.95833	-2.4593	-0.050562	0.98035	0.049401	0.70815	-0.29453	0.40514	-1.9017	-0.48562	-0.54652	0.22458	0.26632	-1.1555	-0.0095249	-0.68981	-0.6667	0.86415	0.11342	0.39836	0.88397	0.18026	0.55085	0.68296	1.1706
0.73961	1.4122	0.022608	-0.047869	1.7013	-0.50971	-0.002855	0.91987	0.14981	1.4049	1.0341	0.29157	-0.7777	0.5667	-1.3826	0.24447	0.80844	0.21304	0.87968	2.0389	0.92393	0.26692	0.64166	0.42549	-1.3147	-0.41641	1.2247	-0.043584	0.58242	-1.0065	0.064517	0.60029	-1.3615	0.19988	-0.034461	-0.7921	-0.17811	-1.7467	-1.9869	-1.3187	-0.83477	-1.0236	-1.5873	0.14913	-1.449	0.25421	0.63098	0.1461	0.093109	-0.37816	-1.4827	-0.043819	0.96083	1.7382	-0.43021	-1.6273	0.16635	0.37627	-0.22695	-1.1489
3.1463	-2.3595	-0.50997	-1.3216	-0.63613	0.31785	0.13805	-0.71074	0.777	0.62239	0.64738	-0.42563	1.0486	0.66071	2.5088	1.0635	1.1569	0.052979	-1.2884	-0.37122	-0.75779	-0.56397	0.55514	-0.55678	-0.89511	-0.40933	-0.16089	0.40933	-0.95264	0.31732	0.07802	1.3244	-0.21317	-0.76284	-0.54438	-0.75807	-0.28752	0.38683	1.104	-1.4956	2.5711	0.75789	1.6345	-0.81865	0.45497	1.3026	-0.10825	-0.48926	-1.5327	-1.0979	-1.4158	0.059571	-0.41125	-0.36801	-1.361	0.77957	0.43941	-0.089622	1.0212	-0.87398
0.64455	0.34844	0.34925	-0.72925	0.32684	-0.51488	-0.89645	-1.2033	1.0378	-0.84594	-0.17291	-1.2087	-0.29713	-3.232	-1.087	-1.4264	-1.0145	-0.21327	-0.32535	1.9444	-0.57177	-0.25003	-1.5693	-0.47738	-1.338	0.030299	0.85309	0.40425	-0.70062	-1.6305	1.46	2.05	0.1205	-1.1186	1.3262	-0.46417	-0.59232	1.0167	-1.2623	-2.0803	0.55643	0.53096	0.21549	0.37546	1.2087	1.0959	-0.7046	0.93924	0.17325	-0.50554	-1.1933	0.64697	-0.35362	0.046435	-0.79295	-1.5505	0.17159	-0.062139	1.199	0.8017
1.6371	-0.74888	-0.93633	-1.2691	0.49798	2.7891	0.72757	-0.77306	0.83663	-1.1283	-1.4245	0.71744	-0.77791	0.31599	1.4065	0.40112	0.92966	-1.6058	0.66154	2.1385	0.54114	-1.5409	-0.20314	-0.49997	0.38302	0.41204	0.40549	-0.36378	-0.59927	-0.58959	0.85354	-1.853	-0.2073	-0.05657	-0.32654	0.80357	-0.38249	-0.60721	0.47368	-0.5819	-0.065097	-0.38058	0.36713	-2.154	-0.07705	-0.22483	-1.2574	0.98102	-0.73427	0.54063	0.97584	-0.15687	0.2778	0.63952	-0.080978	0.54087	-1.2626	1.1104	-0.98956	-1.8288
2.1519	-0.062727	0.44892	-0.36326	-1.0206	-3.073	0.62628	-0.28668	-0.19734	0.40561	-1.4193	-0.72945	1.1473	0.59786	-1.2813	-2.2033	-0.57125	0.214	0.94238	0.093725	-1.1223	0.30616	-1.1723	-0.96097	-0.65374	-1.2294	-0.27097	-0.89995	-0.28569	-0.46242	-0.40979	-0.50354	1.2333	0.18055	0.48788	-1.038	-2.0348	-1.5296	3.0157	0.56001	0.71017	-0.5395	-0.74457	0.14294	1.9874	-1.2744	-0.90353	0.34727	-1.992	0.84125	-0.41466	1.9122	-0.3909	0.40918	-1.1424	-0.62486	-1.1687	0.39258	1.3018	-0.59364
0.67824	-0.50436	0.10211	1.1963	0.12028	-1.0368	-0.8571	-0.16987	-0.19167	-0.86582	0.18066	1.2665	-0.25117	-0.20457	-2.2015	-0.77451	-1.3933	-0.38623	0.52559	1.5233	1.7985	-0.11688	-0.3202	0.81752	0.49016	0.76525	0.77828	-1.4803	0.54036	-0.091539	-0.76025	-0.6936	1.2815	-0.94519	-1.1017	0.34989	1.8819	0.16272	0.43769	-1.0682	1.8171	0.26201	0.65674	-1.0796	0.98715	0.52119	-1.2991	0.17576	-0.4506	0.10925	-0.25055	-0.1899	-1.0329	-0.32329	0.76653	1.7447	-1.1605	2.3774	1.5261	0.16851
-0.46815	-0.69865	0.83277	-0.69461	-0.46188	0.88362	0.43594	0.89675	0.50473	-0.4009	-0.51385	0.79637	-0.67119	1.1867	0.7907	0.28772	0.0032261	0.36562	3.5267	-0.11244	-1.5566	1.9151	0.60985	-0.64791	2.6173	0.55095	0.2942	-0.77784	-1.0649	-1.7684	-0.42292	-1.0531	0.64776	-0.22413	1.6757	1.4173	0.25299	-0.37744	1.0629	-1.0568	0.57511	-0.76369	-0.48774	-0.58376	0.48375	-0.86923	-0.96476	0.45909	-0.42343	0.36159	-0.35189	0.26954	-2.5644	0.46586	1.8536	1.0393	0.9109	-0.23973	0.181	0.24425
0.14982	-0.83047	-0.35225	-0.17478	-0.48065	0.83684	2.5383	-1.3233	0.12834	-1.4424	1.3025	1.4099	-1.6625	1.9437	-1.0847	0.22682	1.0989	0.14719	2.2957	2.7526	0.13832	-1.9071	-0.36499	-0.84811	-0.76475	-1.1277	0.078189	2.1066	-0.71585	-0.28052	1.1665	1.2128	0.48554	0.9961	0.90058	-0.35189	0.40042	-0.26883	-0.87129	0.60604	0.099006	-0.15685	0.3197	0.95952	0.42234	0.22372	0.24817	0.081267	-0.77447	0.78678	1.4089	-0.5341	1.9278	-0.17625	-0.24375	-0.8976	-0.79234	-0.95297	0.35391	1.597
0.81983	0.8542	1.3418	-2.4995	-0.16756	0.35302	0.71725	-1.3049	-1.0059	0.79068	-0.11657	0.55309	-0.96064	-1.6338	0.7612	1.1933	1.6321	-1.5322	-1.3369	-1.4738	-0.041663	-0.61551	1.3142	-1.4551	-1.7423	0.2053	1.1929	-0.80282	-1.2656	-0.14933	-1.6364	0.017344	0.82839	0.05401	-1.7459	-0.3734	-0.45786	1.9794	1.0713	-0.21418	1.482	-0.87911	-0.19519	1.2584	1.6633	0.88998	0.31774	-0.42171	0.7449	-0.82815	0.57452	0.28184	1.1393	-0.42587	0.63614	0.79318	-0.89838	0.15624	1.5973	0.11244
-0.47968	0.45666	-0.2751	0.44314	-0.13477	-0.018328	0.46079	1.3623	0.45187	1.6484	-2.0284	-0.44926	0.23599	-0.83517	-1.276	0.61704	0.6127	0.28938	0.39532	-0.87056	-0.49769	-0.10667	-0.68783	0.33188	2.3652	-0.48223	0.64745	-1.0344	1.3396	-0.96914	0.20872	-0.61859	0.51202	0.10715	-0.13958	2.8535	-0.53887	-0.14389	2.5915	-1.0548	0.45198	-1.1734	0.94107	0.41774	0.55799	-0.37225	0.34642	1.3763	-2.2751	-1.6333	0.41547	-0.65477	-0.29635	-1.4969	-0.90483	-0.40418	-0.7258	-0.86649	-0.42185	-0.94267
2.0856	-0.98843	1.8179	-0.37444	-1.4517	-0.61868	0.9345	1.0559	0.16023	0.2874	0.63291	-1.459	-0.58171	-1.8301	-0.4491	0.94927	0.71744	2.2878	0.16673	-2.1565	1.6894	1.2823	-0.58263	0.22261	0.77945	0.38471	0.69637	-0.11272	-0.038824	0.088089	-0.78966	1.423	0.0063317	0.26996	-0.43933	-0.65948	-0.48739	0.16903	1.5927	0.20639	0.97975	-1.0236	-0.57826	-0.1902	0.061429	1.6961	0.901	-0.16252	0.87514	1.3954	0.32099	1.6234	1.0624	0.21411	0.8768	0.19441	-0.41489	0.35846	0.036223	-0.36463
2.7526	0.22127	2.7304	-0.29617	0.5643	1.5826	2.7292	0.30356	-0.79026	0.80338	-1.3199	-0.27385	0.27187	1.4896	1.4371	-0.027561	0.92393	-0.32128	0.66112	1.9153	0.15676	-0.30054	-0.50003	0.71647	1.3373	2.1257	0.054046	0.16304	-0.63271	1.612	-0.075449	-0.47324	2.1842	0.26015	1.2649	-0.45686	-0.089206	1.0768	-0.56712	-0.75328	0.17478	1.084	-0.49299	0.57134	2.3251	0.23213	-0.58961	1.0587	1.2033	0.52202	0.39705	-0.48281	-0.2315	0.61339	1.6829	0.56839	-1.206	0.43306	-0.092121	-0.24405
-0.34068	-0.87977	-0.3208	-0.78442	-0.36496	0.11727	0.17434	-0.21566	-0.15261	0.033688	0.45828	1.2816	0.62009	-0.28667	0.59802	-0.24553	-1.7807	-2.3472	-1.7136	-0.23713	-0.61963	-0.72016	0.040657	-0.65898	-0.63052	0.60963	0.78233	2.4366	0.30241	0.05832	-0.57413	-0.19521	-0.050531	-1.6877	-0.32524	0.68163	-0.50601	0.42533	0.92645	1.1424	0.7051	-2.3287	-0.62799	0.96556	0.32782	-0.061469	0.50882	1.0617	0.15377	-0.75863	-0.18016	-0.20779	0.89675	0.41231	0.54752	0.14784	-0.36227	0.061141	0.21671	-1.3981
0.27801	0.92758	-0.11018	1.5724	0.56049	-0.42034	-0.15395	-0.2752	0.24112	0.75469	-0.29191	0.45845	1.7553	0.93149	0.82526	-0.81481	-0.5342	0.24255	-0.10065	-1.625	-1.5144	1.0262	-0.75813	2.0783	-2.222	0.44876	0.00062612	-0.75624	0.40432	-0.79385	0.85978	0.066869	-1.6394	-2.4803	-0.22843	1.2012	0.12833	0.11048	0.74079	-1.4467	1.4839	-0.83768	0.089675	-0.41585	0.20412	-1.8904	1.4652	0.60157	2.0099	1.4167	0.011481	-0.93905	-1.7389	0.016971	0.21916	1.0458	-0.95098	0.7948	0.07143	-0.77369
1.2033	0.26565	-0.23511	1.8773	0.60924	-0.11027	0.27746	0.087046	0.17359	0.45359	-0.60352	-0.79702	0.36065	1.8851	-0.30682	-1.0127	-0.23855	-0.48401	-0.32734	0.47552	-0.13	-0.59435	-0.44377	-1.3225	-0.85952	-1.413	-0.51599	-1.0851	-0.70716	-0.30165	-1.2004	-0.019362	0.34037	-1.2035	1.3537	-1.3462	-0.6205	-1.2413	-0.11508	-1.5545	-0.32143	-0.49761	-0.96033	-2.2912	0.8012	2.2344	1.9694	-0.25087	-0.046003	-0.46575	0.075947	-0.91877	-1.9195	-0.036443	-1.2251	-1.9024	2.3742	-0.23335	0.40388	1.1925
-2.6186	0.41315	0.50175	0.083064	0.1578	-0.52794	0.72306	-0.84994	-0.79638	0.72534	1.6865	-0.38639	-0.50508	0.40807	1.0724	0.96798	0.27015	-0.63441	0.62976	-0.079234	1.3769	-1.4082	0.14123	1.2897	-0.49494	-0.62482	-0.93363	-0.27872	-0.20052	0.13674	-0.88335	0.082538	-0.60387	0.15422	-1.36	-0.80446	4.0676	2.878	0.64738	1.2891	-1.8296	-1.1136	-1.1083	1.0278	-0.030905	-0.40131	0.21234	-1.451	0.0053217	1.1391	0.42736	0.18103	0.65748	0.58425	-1.6165	0.018774	-0.42596	-2.034	-1.3286	-0.31989
1.2829	-0.22929	0.26225	-0.89798	-2.1573	0.093917	-0.95118	1.1726	1.7351	-0.3717	1.1929	0.95365	-1.415	-0.033356	0.26112	0.52299	0.67679	0.6744	0.6784	-0.31258	0.37924	-2.2529	-1.1684	1.202	-0.66074	0.32756	1.5081	-0.88891	-0.95928	-0.49272	0.44106	-0.20476	-0.97781	-1.8292	-0.11461	0.034595	-0.77906	-0.002511	-0.85067	0.30338	-1.9044	0.40381	0.90858	-1.0901	0.19469	0.54155	-0.88537	0.24365	0.41211	-0.93715	0.83516	1.0945	0.32118	0.015113	-1.1645	0.49484	-1.2158	1.5908	0.52648	0.26482
-0.61176	-2.1763	-1.1957	0.36533	2.4124	0.74025	0.30975	-0.54199	0.12228	0.96228	-0.25397	1.8918	-1.2203	-0.37624	0.052429	-1.9539	0.56542	0.077794	0.080701	0.79471	1.0437	0.80218	-0.46882	-0.046592	0.35345	-1.2568	-1.036	-0.42696	0.077669	1.7909	0.79726	-0.4425	-0.62909	1.656	2.6116	0.045492	-0.36259	-1.5364	0.85828	0.40695	1.0366	-1.0323	0.12635	-0.53899	1.1549	-0.67029	0.041696	-0.47051	0.99396	0.42844	-1.0042	-0.63269	-1.0457	0.50571	0.33195	-1.6354	-1.9068	-0.040399	0.69719	0.1688
-2.3995	-1.5518	0.86708	-0.14537	-0.38624	1.3162	-0.79646	0.13544	0.41781	0.81988	-0.85435	0.35732	2.7485	-1.513	0.43398	-0.22977	-0.82709	-0.83198	0.4979	2.3156	-0.79383	0.54096	-0.55906	1.9766	0.54466	-0.13791	0.61988	-0.0055828	1.1072	-0.18559	-1.1214	0.24645	1.561	-0.71742	-0.72049	0.52652	-1.4641	0.14018	0.29521	0.67329	-1.2756	-0.4919	-0.35484	1.3865	0.19262	-0.81736	2.1263	-0.53205	-0.8127	-0.43842	0.85861	0.19522	0.88886	0.069222	2.4868	-1.6656	-0.41593	-0.084225	0.089252	1.4561
0.34109	-0.11488	0.068602	0.75149	-0.68943	0.45081	-1.565	-0.078796	-0.94179	-0.65286	0.28253	-1.1251	-0.98897	-1.5159	-2.2285	-0.15152	1.1627	-0.18194	-0.23395	-1.0467	1.5833	-0.24941	1.294	0.36198	-0.26305	1.0821	0.98243	-0.11144	1.296	1.7813	-0.065615	-0.25568	0.40464	0.28364	0.87548	-0.1876	0.65028	1.1176	0.24262	0.087935	-1.1825	-1.1039	-1.3978	-1.3084	-0.088161	-1.5485	2.1741	0.80769	-2.0676	-1.1546	-0.10719	-1.7129	-0.45989	1.091	-0.16388	-0.06724	-1.0016	-0.55566	-1.3516	0.36421
-0.70285	0.78337	1.2372	1.0772	-0.034841	-0.50399	-1.224	0.11851	0.95947	-0.34093	-0.17332	0.6163	0.86392	-1.4169	0.19995	0.19583	-0.15113	0.89278	-0.36419	-0.82619	0.27601	0.4598	-0.21751	0.79612	-1.518	-1.0749	-3.0722	0.52141	-0.99102	-0.25313	1.0093	0.051012	-0.44043	-0.7081	-0.38043	0.46282	-1.3827	-0.21049	0.64831	-1.286	0.52134	0.54124	-1.0134	-1.3723	0.29521	0.67142	0.72727	0.62189	-1.1821	0.58385	-0.58001	-0.56137	-1.5559	1.1002	0.17506	1.0036	1.511	-1.1372	0.64302	-0.01276
1.421	1.1077	0.82047	-0.81761	-0.12649	0.26414	3.1585	1.2266	2.3206	0.4145	0.21183	0.61317	-0.52778	1.2416	-0.15763	-1.3736	0.87084	-1.5685	-1.8443	0.28841	-0.95091	-0.91073	-0.16195	-0.4889	-0.22278	0.27207	-1.1685	-1.2242	-2.0995	-0.39024	0.66428	-0.70226	0.50133	0.25653	1.2739	1.2726	-0.95893	-0.56945	0.31947	-0.93716	1.752	1.6669	0.36047	-0.69437	0.78968	-0.37963	-0.4249	-0.24548	0.10559	1.1284	0.74248	1.1436	-0.91471	0.1798	-0.98335	0.38483	0.3257	1.2963	1.0992	0.65322
-0.78502	-0.47599	-2.0516	-0.4483	-1.5512	0.92983	0.90194	0.13829	-0.37841	0.14306	1.605	1.3491	-0.44844	0.16841	-1.1205	0.40073	0.73906	0.90004	-1.5312	0.50462	-0.86421	-0.37655	0.78801	0.29821	-0.16374	0.60673	1.6345	-0.62349	-1.3501	-1.1622	-0.94428	-0.67121	0.57668	-1.929	0.079533	-0.93491	1.2488	-1.0143	-0.1422	-0.78715	-0.84688	-0.41874	-0.37537	-0.37717	0.97426	0.39731	2.0208	-0.43473	1.0666	-2.0992	0.63848	0.37147	-0.37418	0.69535	0.87763	1.0336	0.41979	0.60107	-0.67402	-1.0952
-0.41595	0.18655	0.95094	-0.79052	-0.48948	2.9745	-0.62259	1.9203	0.96115	-0.5578	-0.10656	-0.21516	0.47349	1.3656	-1.6378	2.0237	0.77779	-0.5489	-0.12601	0.29958	0.29617	1.2008	1.0902	-0.3587	-0.12993	0.73374	0.12033	1.1363	-0.68677	0.47168	0.28834	1.3919	-1.3455	0.083816	-0.029391	-2.4248	1.3272	2.7251	-0.31154	0.36674	-0.5522	0.30028	-0.45749	-0.023551	1.5365	-0.92821	-0.4881	-0.15933	-0.13247	1.4393	2.0313	-0.9782	-0.64102	0.52048	-0.3807	1.9929	1.6359	0.55902	0.56364	-0.3384
1.1869	1.1274	0.14157	1.9281	0.67064	-0.11011	0.37096	1.0966	-0.39816	-0.085463	2.3733	-0.47392	0.94634	0.81816	1.589	0.52601	-2.4652	-0.85253	0.51174	0.25777	1.9624	1.4063	0.49683	0.082831	-1.5485	1.8632	0.13403	-1.546	0.43328	0.10295	-0.57035	0.49306	-0.70751	-1.5851	-1.5178	-0.12721	-0.85269	0.68019	-1.2762	-0.43568	-1.2552	2.0495	0.10465	1.003	0.72787	1.1397	-1.4047	1.4956	1.4525	-2.0768	-0.17649	-0.65208	0.15653	-0.85023	0.27905	0.59709	0.24472	-0.11835	-1.2894	0.057564
-0.80967	-1.279	-0.056227	-0.20968	0.1921	0.99233	0.57624	1.3058	-0.72931	-0.86457	-0.094921	1.3832	1.3037	-0.12581	-0.59687	-1.5206	0.67184	0.022844	-1.1778	-0.33458	-1.8295	0.42999	-0.17399	1.6312	-1.3594	0.97051	0.14364	0.082604	0.71666	1.1935	-1.0711	1.3189	-1.21	-0.91242	-0.8339	0.57506	-0.91607	0.17097	0.25742	0.30928	0.38405	-1.3364	0.85641	0.26579	0.57115	-1.1411	0.2229	0.71522	1.0141	-0.084348	-1.8535	-1.0968	0.21863	0.79425	0.46312	-0.61263	2.2444	0.072348	0.86551	-0.4157
-1.7329	0.68525	1.0377	1.8222	-0.52899	-1.628	1.6173	0.26414	-1.1271	-0.55918	-0.80885	1.161	0.59211	0.24275	0.24048	-0.8215	0.99311	0.34639	-0.26113	-0.18471	-0.10173	-0.88704	0.74138	1.3922	2.4739	0.50392	-0.82248	0.20098	-1.0071	-0.61317	-0.65896	-0.83323	0.37818	-0.76926	0.32192	0.44989	1.3669	-0.37089	0.28837	2.1351	-0.31196	-0.52799	1.4489	-2.1829	-0.79667	2.093	-0.10574	-0.90786	-1.2265	0.79295	-2.1099	-0.7994	0.56698	-0.0014429	0.62392	0.12644	0.68087	-1.2874	0.21808	-1.5666
1.2174	-0.31057	0.65532	-0.53747	0.32864	1.0541	-1.9797	-1.8674	-1.8324	0.84859	0.40519	-0.70246	1.499	0.13779	-1.5868	-1.0191	-1.3852	0.95489	-0.60112	-1.1719	-0.57711	-0.83643	0.85297	0.47733	0.30232	0.41578	0.042975	-0.94885	0.54161	-0.82113	-1.0719	-1.0741	0.86955	0.73792	-1.5162	0.094586	0.020545	-0.36417	0.99323	0.021134	0.10356	-0.31145	0.90434	0.62034	0.70823	-0.002773	0.66406	-0.66273	0.14444	1.3964	-0.1897	-0.84384	1.9434	-0.24692	0.44162	-0.80361	0.28761	0.46702	0.0045616	0.32609
1.8722	-1.4041	0.20556	-1.9912	0.028409	1.9305	0.94114	-0.0069245	-0.33824	0.52827	1.0569	0.014741	1.6148	-0.81585	-1.9978	-0.74819	-0.1993	-0.37276	-0.84737	1.3372	-1.6163	-0.49182	-0.9693	-0.47411	-0.66616	0.47837	-1.0411	-0.82066	0.10113	1.084	-1.8545	1.7998	-0.87837	0.27383	1.4226	1.6963	-0.87322	0.40296	0.1948	-0.96444	0.666	0.73689	-0.0027294	-0.21975	3.041	0.35692	0.31518	-0.08706	-0.52788	-0.34579	0.56456	-0.80154	-1.8529	0.053216	-0.43642	0.28001	0.084606	0.72912	0.90075	-1.3256
-2.3696	0.50243	0.30639	-0.93916	1.2374	0.033012	0.12357	0.27394	0.75417	1.5245	-0.26198	-1.7307	1.0135	-0.92774	1.2437	-0.58949	1.4915	-0.80598	-1.1126	0.95694	-1.3631	0.68058	0.43782	-0.14327	-0.34153	2.0578	-0.37454	-0.1902	-0.93873	-0.81346	-0.58362	1.7095	-0.39042	-0.21683	-0.92041	0.24202	-0.86534	0.14789	-1.7833	0.32324	-2.3259	0.057193	0.25041	-0.2419	-0.14746	-0.29847	1.6592	-0.34683	1.0395	-0.11677	-0.6483	-0.037981	-0.19932	0.88167	-0.056144	-0.84124	-0.15484	1.1886	-0.41491	-0.65862
1.5294	0.10123	-0.36271	-0.73883	-1.4798	0.15337	-0.31702	0.31892	-1.4565	1.3218	0.4872	-1.5666	1.0571	-0.58758	0.30222	0.21946	-0.8782	-2.8614	0.53556	-0.34204	-0.59786	0.41891	-0.68968	0.67119	0.1509	-0.99132	0.83683	0.47451	1.2522	-0.89262	-0.89527	0.31333	0.66703	0.52268	0.31127	0.068975	0.36213	2.2738	1.1763	-0.20854	-0.25243	0.80873	-0.19854	-0.049185	1.0784	1.222	0.26538	1.6847	1.8512	-1.8977	-1.7787	-0.92264	-1.9979	-0.3571	-0.3364	0.25043	0.28616	-0.68617	-0.81331	0.7934
-0.59364	-1.3712	0.010307	0.20413	-0.41103	0.66356	0.22578	-0.21284	-0.044035	0.45818	-0.44142	-1.0549	-0.15558	0.12915	0.50943	-0.030124	-0.45736	0.59634	-0.11353	0.80702	-0.089803	-0.0062921	-0.091861	-0.92124	-0.92695	-0.96122	1.7848	-0.20019	0.94041	0.34916	1.8593	0.92707	-1.227	-0.20868	0.77335	0.16985	2.378	-0.16795	-1.6651	0.55784	-1.0368	-0.070499	0.9672	0.41983	0.18314	-0.31279	-0.02114	-0.22213	-2.799	0.39328	0.99025	-1.2976	-1.522	0.62101	-1.5075	-1.6794	0.78898	-0.65428	1.2449	-1.2923
-0.95487	0.2417	0.54935	0.46763	0.19146	-0.2298	-0.57922	0.48048	-0.38683	0.42162	1.0877	-2.2493	1.8045	-0.63206	1.3165	1.5516	-1.4689	0.17694	3.4663	-0.21463	0.48628	0.33089	1.2679	1.0905	-0.94645	-0.4385	0.34322	-0.058403	2.535	0.43865	0.43752	-0.83768	-1.3075	0.98484	-0.38754	0.45881	-0.64998	0.70284	-1.9956	1.7497	0.64541	-0.082757	-1.3394	-0.21795	0.066902	1.0219	-0.83203	1.1036	2.7681	-0.49535	0.46877	-0.6573	-1.717	1.4705	0.69414	-0.5107	0.11339	-0.22981	-1.4617	-2.8823
-0.073777	-0.46247	-0.57665	-0.84597	-1.8172	-0.52173	0.16144	-1.0618	0.45049	-0.2728	-0.10145	-1.4291	-0.76441	0.41014	-0.78993	0.16164	1.9779	0.79527	1.0374	2.3603	1.1754	0.39774	1.9512	-0.90466	-0.68215	2.0183	0.45434	-0.042104	0.45817	-0.26414	-0.29199	-0.3868	-0.55399	-0.92899	-0.07455	-0.58939	1.4559	0.22061	1.0073	-0.12569	-0.097089	1.2433	1.4548	0.046816	1.678	0.46137	0.3841	2.1772	1.5357	0.90726	0.40226	-0.53838	-0.11522	1.822	-2.0215	-0.63698	-0.1888	0.14828	-1.7839	0.52907
1.1342	-0.94013	-0.25929	-1.2135	1.6245	0.37351	-0.25089	-0.92546	0.09866	1.6843	0.27526	0.35329	-1.2004	0.16613	0.77616	-1.3814	1.1283	2.4654	-1.5579	-2.0666	-0.072599	0.75911	-0.081664	-0.15847	0.006498	-1.0646	-1.6439	1.5815	0.29261	-1.1876	1.0759	-1.2974	-0.12177	0.51426	-0.61471	-0.12338	-0.18594	2.1818	0.67539	-0.61666	0.013477	-0.051141	1.5185	-0.49768	-0.56912	0.46142	-0.33401	1.0207	0.95944	1.0871	0.64717	0.63255	1.9033	-1.16	-0.34731	-1.6951	0.91939	0.021531	-0.29934	-1.721
0.2851	-0.25973	-1.3548	-1.1574	-0.76199	-0.2503	-1.6488	-0.18199	0.61569	-0.37667	-0.69804	0.30412	1.1011	-0.44661	-0.46671	-1.4358	-0.97772	0.60589	-0.11365	0.76456	0.6699	0.37578	0.76665	1.5235	0.57682	0.42597	-0.042931	-1.2423	-0.50495	0.32585	-1.1114	0.46818	0.32261	0.043084	0.35825	0.080656	-0.076244	0.048901	0.98384	-0.14507	-2.5811	-0.42855	0.2492	0.9061	1.4363	-0.88596	0.7007	0.2951	-0.20837	0.024739	-0.028091	0.14036	0.23759	-0.67155	-1.045	0.96577	-0.21976	1.4145	-0.92419	-0.59414
2.209	1.4076	-1.029	0.20651	1.3411	1.3327	-1.2849	1.6184	0.66164	0.22735	-0.22558	-0.96599	0.095018	-0.25673	2.3101	0.19006	-0.1734	-0.014029	-0.61274	2.0718	0.63702	0.074894	1.1233	-0.033128	-0.097748	-0.55662	-0.6155	1.6046	0.7685	0.086933	1.7044	0.023634	0.29004	-1.8611	0.91547	-1.007	-1.4082	1.3961	0.77264	-1.2956	0.067096	0.70273	0.6325	-2.1269	-0.77223	-1.3429	-0.53869	-1.2781	0.70188	-1.0055	-1.1064	1.7906	2.1624	-0.81928	-0.03705	1.963	-0.54027	1.7175	0.81981	0.055521
-0.54885	1.6931	0.71105	-0.63276	0.39273	-0.87796	0.14895	1.5319	0.53185	-0.75967	0.34798	-0.6978	2.0193	-1.7937	-0.65951	0.77145	-0.82034	0.017888	0.65454	1.2577	-0.92708	-0.16988	-0.47167	-0.11423	0.36949	-0.61862	0.80012	0.4267	-0.47233	0.27595	0.98423	0.99311	0.66821	0.044612	-0.72947	0.1147	-0.36182	-0.44309	0.82011	1.5522	0.48024	1.9424	-1.6317	0.12591	-0.012427	1.5077	0.6171	-0.43391	0.55422	0.64244	0.18263	-2.0275	1.0231	-3.4915	0.10949	-1.5513	-0.35511	1.3986	-0.51347	1.9172
1.2099	-0.24646	-0.90353	-0.4959	0.37449	-2.3705	0.61506	0.27946	0.81887	2.0475	-0.32374	-0.98054	1.1796	0.89458	-0.14293	-0.59347	0.24892	-1.1298	0.066095	-0.63792	-0.81931	0.96795	0.030349	1.3511	-1.0864	0.24027	-1.0462	0.61872	1.305	1.0235	-2.1154	0.68173	0.0087093	0.092653	-0.30632	-1.4098	0.66284	-0.26237	-0.098987	-0.063491	2.7915	2.5381	-1.0928	-0.70167	1.2248	-1.8375	0.9887	-0.072603	1.3993	-0.87988	-0.92247	2.3144	0.58801	-0.30977	-1.033	1.1034	0.34211	-2.264	-0.90329	2.97
-0.018288	-1.9995	-0.88802	-0.4199	0.69458	-0.16275	0.10158	-0.017858	-0.96033	1.1728	-0.36527	-0.46341	0.19499	-0.066947	-0.52153	0.1271	2.113	0.54128	-0.65509	-0.86953	-0.2389	-1.576	1.8258	0.20427	-1.1634	0.12061	-1.4435	0.58235	-0.18147	0.04201	0.36184	0.85371	-0.80977	-1.4634	-0.10754	-0.82656	0.42846	-1.8584	0.85509	0.3099	-1.1154	-0.32094	0.83445	2.4299	-0.35468	1.3784	-0.8568	0.20322	-0.2075	0.34026	-0.49811	-1.4214	-0.27077	0.43966	-0.50614	-0.18435	0.402	0.53923	-0.73359	-0.26837
1.3531	0.33076	-1.3479	1.5479	-0.61664	-0.69857	-1.4236	-0.10963	-0.10271	-0.32272	-0.83959	-1.6606	3.0125	1.5008	-0.35899	-0.11488	0.3589	-0.012137	-0.57036	0.93403	-1.1383	1.9572	-1.7632	-0.32333	0.87259	0.11792	-1.5031	0.92184	0.16324	-0.81467	0.40371	0.75616	2.1844	-0.36402	-0.024566	-0.23507	-2.1842	0.79504	-1.7963	-0.52914	0.0099392	1.1185	-2.5185	0.66359	-0.2537	-1.0296	-0.29428	0.50472	-0.4242	-1.4694	1.2064	0.19734	-0.70688	1.2164	0.36717	-1.2675	0.62105	-1.7955	-1.0578	0.15154
0.63921	0.070498	-1.933	0.81872	1.2618	1.1673	-0.57033	-0.3939	-1.0174	0.25021	0.25212	-0.77148	0.91955	0.85216	0.65713	-0.75346	-1.3385	0.65223	1.4472	-1.2901	-2.2082	1.4361	-0.061672	1.1778	0.98551	-1.2186	-0.43188	-0.83494	0.17968	1.1663	0.055986	-2.1	1.2353	-0.12499	-0.33216	-1.9758	0.25243	0.37445	0.46052	-1.2006	-0.59554	-0.78719	1.9069	-0.94062	-0.071266	-0.7657	0.77585	0.11593	0.072814	0.93942	0.67524	0.78597	-2.1327	0.21993	0.96629	0.34999	0.90182	2.1212	1.2486	-1.1232
-1.2902	-0.12178	-0.64259	-0.07895	1.2281	-0.53137	-0.2861	-0.22761	0.67452	1.0368	-0.14946	-0.31708	0.93359	0.72328	0.48818	3.2662	0.031701	0.34127	-0.083531	0.61642	-0.525	1.0077	1.8291	0.085288	-0.068325	-0.56347	-0.47357	-1.7035	-0.05372	-0.88134	1.2559	0.15584	0.054933	1.6562	-2.0327	0.072471	-0.81268	-0.90429	0.012315	1.1389	-1.1083	0.29249	1.2175	-0.61244	-1.2453	-0.26287	0.89919	-0.25724	-0.81633	0.11515	0.20707	-0.44456	-1.1205	0.43536	0.017089	-0.36299	-0.63124	-0.50032	-0.86719	-1.0401
1.9668	-0.24146	-1.729	-0.48824	1.0604	-0.53815	1.7773	-0.77952	-0.75297	-1.0331	1.1638	-0.58011	0.4173	-1.6481	-0.57268	0.65923	-1.2804	0.050124	0.5484	1.7784	0.64109	0.9467	-0.35425	-0.57882	0.056473	-0.89332	1.1221	0.77583	0.9625	1.2608	-0.10792	-0.57716	0.52563	0.75917	1.2503	1.3376	1.1323	0.69311	1.5793	-0.38875	1.2037	-1.0062	1.9093	-2.1448	0.59164	0.03669	-1.5741	0.73027	0.33224	1.4112	0.13686	0.57763	0.24309	1.4677	1.1306	0.010653	0.12433	1.7794	-0.23947	0.85799
-1.3652	-0.76195	0.86278	0.64831	1.0581	-0.63319	1.018	0.17193	-0.047474	1.6891	1.437	-2.2511	0.35649	-0.85024	-0.29955	-0.63425	1.6245	1.2411	0.55528	0.70342	0.45816	0.68398	0.25129	-0.1785	0.50773	-0.3099	-0.39437	-0.26974	-0.08813	0.0080293	2.5318	-1.2232	-1.0718	0.5187	-0.32265	-1.0023	0.58647	0.47689	-1.4142	-0.14625	-1.5754	-0.19223	-0.09111	0.93933	-1.3543	0.031716	0.1448	1.1182	0.30675	-0.53718	-0.22893	-0.53622	1.439	-0.5111	-1.6068	-0.20124	1.1435	0.66329	0.16408	1.7854
-0.91346	0.25904	-0.87183	-0.78792	-0.34434	0.64762	2.0541	0.79894	-1.0711	-0.20516	-0.55444	-0.29294	1.1802	0.3774	0.99157	0.60345	-0.79289	0.93082	-1.3504	0.79979	0.59964	1.1004	-1.4197	-0.20364	0.017913	0.10035	0.87636	0.70069	0.65202	0.17853	1.676	-0.3251	0.10115	-0.39427	-0.24355	0.5435	-1.0537	0.0061927	-0.90908	0.96343	-2.1578	-2.1401	1.4537	0.022374	-2.1475	-1.864	0.10585	0.12419	0.33755	1.067	0.33294	-0.073484	1.0478	2.0589	0.026693	-0.24052	1.0385	-0.50723	-1.4831	-0.10649
0.3812	0.14579	-1.1181	-0.59694	-0.67949	0.95505	-0.1308	0.6494	0.59852	-0.1925	-1.9808	0.36294	0.70395	-0.7526	-0.016917	-0.44166	1.7013	-0.030569	0.20392	-1.0478	-0.73537	-1.3566	0.72859	0.60719	-0.82829	2.8876	0.91914	0.40579	1.9162	-2.4557	-0.091063	-0.02468	0.19994	-1.1144	0.60533	-2.1411	0.034961	0.516	0.031729	0.29126	-0.68342	0.62654	-0.30346	-1.7309	-0.23542	-0.54573	-1.105	0.58145	0.040473	-0.25473	-0.54774	1.6766	1.173	-0.18906	0.086573	1.5126	1.7933	1.1026	-0.32585	-0.58281
1.1682	-0.86373	-1.0709	-0.35524	0.95588	0.15928	0.24494	1.1247	0.23463	-1.1386	0.84209	0.47634	-0.08839	-0.41304	-0.54458	-0.024007	-0.80051	-0.51219	-1.4867	-0.51864	-0.69323	0.57765	1.455	1.0355	1.0468	0.67621	0.54659	0.74999	-0.72984	0.8332	-1.1986	0.61877	-0.83241	-1.2038	-0.22073	-1.0698	-0.20606	1.3469	-0.026523	0.27185	0.40805	1.4478	0.059804	0.073274	2.697	1.3737	-1.1804	1.3541	-0.92423	0.009907	0.28937	0.87	-0.39726	0.53786	1.7697	-1.9055	-1.0767	1.1949	-0.29395	-0.038178
1.436	2.2231	-1.3019	-0.90899	-0.0775	0.00051045	0.10686	-0.31246	1.2196	-0.90956	0.20398	0.98975	0.3752	-0.62213	0.12055	-0.3174	-0.59968	1.3532	-0.19767	-0.578	-0.75597	0.1212	-1.4958	-1.6462	0.1929	-1.2898	-0.39985	0.7754	0.92215	1.5445	-1.0096	0.85671	0.32529	0.96565	0.50632	1.1015	0.86647	-0.12129	-0.18711	-1.6042	0.21493	0.64557	-0.475	-0.19805	-0.074581	-0.15212	0.47627	1.1043	1.1483	-1.085	-0.13612	0.65509	-1.2935	1.9267	0.23325	-0.54502	1.0328	0.37714	0.10926	-0.68019
-2.7439	-0.96357	-0.64563	0.45253	0.6145	-0.7853	0.82818	0.66742	-0.1255	-0.95123	0.89204	-0.12972	-1.0135	0.25229	0.52359	-1.4616	1.8664	-2.1491	-1.6352	1.224	0.32517	-0.42891	0.011596	0.73132	-0.86802	0.92816	0.69732	-0.04515	0.19121	-0.62876	-0.85661	-0.38871	1.0285	0.30826	-0.9984	-1.5262	-0.61192	-0.5328	0.51679	1.7573	-0.017683	-0.86339	-0.87994	0.88168	0.39895	0.44006	-1.5399	-0.59675	-0.96678	-0.47125	1.7352	-0.77753	-1.6838	0.17703	-0.12448	-0.41555	0.87946	0.56613	0.37592	-0.27695
0.54415	-0.29131	0.18608	0.5766	0.33966	-0.67283	-0.53701	-1.0402	0.99728	-0.026054	-0.657	0.67775	-0.51083	0.446	1.5166	0.93776	-0.16016	-0.11384	1.9371	-0.1708	0.30117	0.32599	0.92484	0.21529	0.36625	0.32215	2.689	0.87607	-0.87649	-1.2174	-1.6148	1.8401	-0.81893	0.88346	0.64225	-1.4183	1.9194	0.66234	1.9239	0.23837	0.29416	-0.90938	0.1392	0.034786	-1.4143	0.087016	0.04841	-0.61202	0.4106	-1.2126	-0.57374	0.10539	-0.6051	0.42179	-0.36281	-0.87412	0.93159	0.60004	0.57136	0.68511
1.5689	0.99087	0.033691	-0.45027	-0.11066	1.2379	-1.1979	-0.56439	1.0433	0.846	-0.49554	-0.20682	-0.1558	-0.2754	-2.4432	-0.42732	0.30906	2.4516	-1.4626	-0.63554	-0.38547	-0.94228	-0.67377	-1.9242	-0.11242	-0.51851	0.53498	0.057408	1.0658	1.6207	0.12185	-1.238	0.24413	1.0849	0.21716	0.70037	-1.2645	1.8265	0.70313	-0.72279	-1.3436	-0.37066	-0.73424	-0.78762	0.65471	1.1348	-0.17547	0.39836	0.37462	2.6532	0.33271	0.14077	1.5778	0.089548	-0.67298	0.93189	-0.35789	0.2021	0.87625	0.80795
-2.492	-2.3621	-0.7017	1.6519	0.23507	-0.15175	-0.15589	1.0382	0.33048	0.47581	-2.0905	-0.17403	0.019188	-0.86003	-0.022949	-0.60232	0.8699	-0.57081	1.3047	-0.042644	0.89553	2.2849	0.066827	1.4946	-1.0725	1.8233	-1.2084	-0.065392	-0.32684	-1.1492	-1.308	0.64638	-1.3892	-0.843	0.63229	-0.49506	0.85334	-1.4053	-0.67219	0.78448	-0.35736	1.2846	-1.0894	0.31871	0.34316	0.46295	-1.4478	-0.89165	-0.67671	-0.016021	0.51517	0.44483	1.1409	0.44768	0.31544	0.94559	0.42866	-1.3246	0.10982	-1.6547
1.7263	-2.1079	-0.54984	0.094261	-0.03822	1.8829	0.055461	-0.61389	0.58702	-1.2067	0.54533	0.25093	-0.39275	-0.62204	-1.1905	-1.8785	-0.42401	0.77724	-0.71393	1.5846	-0.88831	2.1408	-0.69218	0.099297	1.435	1.2334	-0.75764	0.73858	-1.1144	-1.7059	0.66116	-1.7296	-2.1381	-0.4048	1.7297	1.5619	-1.8232	0.38641	1.1322	0.64305	1.9243	1.935	1.1786	-1.7491	0.37848	-1.0438	0.86876	2.0883	-2.0015	0.8355	-0.34282	-0.47796	-0.8891	1.2634	0.3832	-0.11887	0.41725	1.0132	-0.86952	-0.79468
1.0701	1.5857	1.2502	-0.1156	-1.3318	-2.3428	-0.92656	1.1296	-0.54913	0.28373	0.21278	-2.2028	1.2511	2.0247	-0.038897	0.99858	-0.75733	0.59615	2.1232	1.3117	-0.69994	-1.0196	0.053115	-0.23702	-0.062736	1.2711	0.22114	1.664	-0.04296	-0.13324	0.7932	0.42627	-0.2099	-1.8019	-0.90314	0.83017	0.34007	-1.2515	0.32405	0.32429	-0.94988	-0.78202	1.3939	-1.955	0.65654	1.1864	-2.0171	0.084422	-1.1752	0.089962	-0.42217	-1.6509	0.61797	0.59616	-0.61844	0.52788	-1.3443	-1.2348	-1.1534	-0.10933
-0.81474	1.9113	-0.071106	0.56184	0.57407	0.37173	0.19169	1.2441	-1.1642	1.6353	0.68633	-1.1495	1.1102	1.1826	1.7073	-0.42032	1.6394	0.26347	-1.4635	-0.77617	0.92949	1.793	-1.1832	-0.11118	-0.65677	1.8797	-0.89608	1.3315	-0.62457	0.77668	-1.3243	1.5003	-2.2029	0.48523	0.25865	-0.98311	-0.8116	0.44458	-1.1916	0.12789	-2.9914	-2.2457	-0.19688	1.2712	-1.8094	0.52005	0.66627	-0.75186	-0.023925	2.1913	-1.4006	0.4801	0.20755	0.32208	-0.0058805	0.28139	-0.25134	-1.6935	-0.58402	0.23444
0.40222	0.60366	2.221	-1.6541	0.68041	0.13583	-0.037987	-0.69314	-0.12753	0.68036	0.42621	-1.6057	0.90621	0.24951	1.8942	-1.1124	-0.72204	-1.7522	0.0036123	0.99514	-0.47897	-0.5191	-0.29466	-0.16055	1.0235	0.015895	-0.48266	0.63467	-1.3644	0.59862	-0.2065	2.1394	-0.64881	0.34326	0.19802	-1.0006	0.79908	-2.1449	-1.8694	-1.3867	1.3903	1.0652	-1.1763	-0.2554	-0.66447	0.31155	2.0165	-0.796	1.9488	-0.46527	-0.65192	0.60963	0.70912	0.2798	-1.4675	-0.69132	-0.86799	-0.51251	-0.78209	0.42579
1.5722	-0.25067	0.55424	0.75888	0.13384	-0.27256	-0.54263	-1.1631	-0.27352	0.1595	-0.18671	0.2179	0.046238	0.67032	-0.6305	-0.11841	0.24206	-0.37608	0.28044	-1.7745	0.45858	0.46182	-0.0011875	-0.35294	-0.43299	-1.7048	1.0957	0.63577	-1.0872	-1.4773	-0.38525	0.68084	0.83265	0.22061	1.0813	2.0683	-2.0031	0.78747	0.24562	-1.0502	1.0479	0.31212	1.4937	-1.3297	-0.53902	0.7395	-1.2193	0.43654	-0.4019	1.0967	0.43667	-0.407	-0.63869	-0.40488	2.3939	-0.049623	-0.20258	-0.19753	1.5163	-1.7322
1.7291	-0.71928	-0.27337	0.6774	-0.93645	0.42572	-0.074543	-1.3988	0.19231	0.58039	0.63786	-0.56598	-0.016138	0.62232	0.53344	-0.38934	-1.2717	0.2726	0.31747	1.4984	-1.5538	-0.35429	0.43423	-0.10148	2.0288	-0.36721	-2.3638	0.72986	-1.399	1.3149	0.40383	-0.34417	-0.98006	1.512	0.65409	-0.14443	-1.0235	0.1693	1.5861	1.5794	0.39134	0.77645	0.64622	-1.9742	0.47967	-0.16143	-0.79268	0.19589	-2.8908	-0.73454	0.75622	0.12079	-0.51591	-0.34086	-1.08	-0.69739	-0.583	-0.18613	0.58796	-0.021041
-0.12397	-0.83551	0.97862	0.23548	0.56605	0.21929	0.80771	1.5125	-0.43163	0.54256	0.6793	-0.0087669	1.9119	-0.97862	-0.48613	0.077898	0.026201	-0.22278	-0.47971	0.82459	-0.060403	-0.80676	1.7128	0.91216	1.4888	-0.026748	1.9158	0.91968	-1.8081	-1.2653	0.58363	-0.11619	-0.14381	1.0995	1.6775	0.36652	0.15089	2.2259	-0.034328	-0.42679	-0.62116	-0.76072	0.058547	-0.83754	-1.8827	-1.309	0.46236	1.0664	1.2026	2.3129	-1.084	1.3645	0.08168	-0.46778	-0.42638	0.88962	0.64975	-1.8062	1.0247	0.82523
-0.36732	-0.98127	-0.76959	-1.2361	-0.050215	-0.38866	-0.31195	0.22136	-0.29732	-1.6972	-0.59871	-0.52335	-1.7158	0.88568	-2.1666	0.42213	-0.29481	-0.36425	0.64766	-0.30353	-0.22684	-0.87158	1.1258	0.99162	0.68644	0.53125	0.72644	0.69425	0.3941	0.63162	-0.7091	0.029347	0.55038	-0.65212	-0.072432	-0.26073	1.3112	0.3982	1.0244	0.69306	0.93188	-0.16871	0.046566	-0.55907	0.31549	3.0028	0.17511	-0.11926	0.85826	-1.5636	1.1282	-0.84757	0.56751	0.2766	-0.067025	-0.71728	0.41731	1.1246	0.68264	1.3961
-2.1582	0.019262	-1.3504	0.11464	0.54163	-0.76767	1.2828	-0.47486	0.62343	-0.3477	-0.75832	-0.73717	-1.451	1.5208	-2.4472	-1.29	-1.9846	-1.3429	-2.7918	0.60219	0.040443	-1.0309	-1.301	-1.318	-0.27846	-2.0221	0.40673	-0.089826	-0.34226	0.65223	0.34574	-0.34469	0.030786	0.29767	-1.0561	0.68122	1.6124	-0.3641	-1.4385	-0.75939	-0.20352	-0.70065	-1.2162	0.53792	-1.6082	-0.079744	-1.1366	-2.8866	-0.20812	-0.98193	1.5311	1.3727	-0.61212	-0.96674	-0.2164	-0.31608	1.3853	-0.3483	1.2055	1.2372
3.9163	-0.37945	-0.47527	1.6757	-0.73837	-1.8155	0.086728	0.50026	-0.36298	-0.35069	-1.3629	1.7228	0.20137	-0.54769	0.40181	0.8344	-1.0483	0.22526	-0.48237	1.6507	0.15893	-1.1247	-0.11106	0.44905	2.1006	0.039567	0.57157	1.2007	0.50877	-0.86976	-0.16106	-0.65782	0.70675	0.75819	0.75846	1.8354	-1.4411	0.95134	0.57065	0.87978	1.1187	1.5589	0.39007	-1.3699	1.1633	-0.05601	-2.1882	0.4833	1.5992	-0.39232	0.22083	-0.59372	-2.0504	0.00042709	1.6937	-0.33153	-1.1501	-0.99067	0.36419	-0.42033
1.5288	-0.27577	-2.0855	-0.43947	0.71192	1.0265	1.2849	1.0007	1.0734	1.894	1.5344	0.17559	-0.47612	-0.27975	0.70263	1.2082	-0.24756	1.5127	-0.72495	-0.46533	-0.38695	-0.66195	0.8699	-0.18709	1.8515	-0.0061285	1.8663	-2.43	0.36182	0.28348	1.9352	0.26172	1.7792	1.5874	-0.31567	-0.8859	0.56761	-0.50589	0.1345	-0.86419	0.42278	0.90529	0.99766	-0.15188	-0.64688	-0.5493	-0.030337	-1.8777	-1.1744	-1.5658	-0.32795	0.48522	2.3648	-0.004127	-1.0676	-0.45355	0.45822	1.0218	-0.45907	-0.0046098
1.8431	0.22374	0.080392	-0.33107	-0.38463	1.058	-0.53166	-0.04727	-1.0338	0.60375	0.24918	0.44154	-0.026926	-0.7421	-0.085315	-1.2841	-0.3386	2.3072	1.6723	0.86778	0.43806	0.82656	0.3895	0.93175	1.2058	-1.0213	-0.19099	-0.027151	-0.55512	-0.99418	1.2721	0.66781	-0.91078	-1.4208	0.79448	-0.32143	-1.5486	0.1253	-0.49312	0.49642	2.6947	-1.3286	1.1817	0.075793	-0.48084	1.3205	-1.2774	-1.5126	-1.1233	0.57816	0.41031	1.0027	0.49077	1.2604	-2.0048	-0.30451	-0.3632	-0.057884	1.0672	-0.67642
0.39238	-1.9107	-0.91536	0.94014	-1.7435	1.4148	-0.4841	0.52777	-1.1763	0.75481	-0.0014105	1.2541	-0.54674	-0.73536	-0.75608	1.9747	-0.32971	-1.609	0.94857	0.024952	-0.35587	0.51682	0.88748	-0.63718	0.1109	-0.31065	-0.5781	0.47552	0.72137	-1.3701	1.1101	0.14884	-0.23604	-1.6668	-0.17902	0.0086572	0.029219	-0.35715	1.0009	1.4928	1.3263	-0.15128	0.40887	0.33293	-0.54479	0.064901	-0.67253	0.14745	1.61	-0.18703	-0.73076	1.3774	0.87307	-0.5254	-0.737	1.4109	0.03137	0.18525	0.34928	-0.62906
1.6924	2.3531	-2.4878	0.19797	0.94536	-0.79584	0.089737	0.17059	-0.59975	0.70657	1.2149	0.22323	0.36966	-0.5465	1.1185	-0.090271	0.44066	1.1748	-0.29724	-0.19418	0.090557	-0.22332	-1.2689	0.4824	-1.4415	-0.30445	-1.4084	1.3014	0.08539	0.47895	-0.26284	1.5868	-0.40398	0.81371	1.4904	-0.18823	0.10768	0.46887	2.4379	-1.3185	-1.2281	0.65277	-0.6536	-0.90744	0.66357	-0.96857	0.71454	0.76082	1.4224	-0.31185	0.91303	-1.1189	0.24083	1.1234	-0.64821	0.087371	1.6347	-0.78451	-1.1104	0.93361
-0.036505	-1.1007	-0.89371	0.34627	0.24488	-0.35158	0.22906	0.56443	-0.73097	-0.31976	-0.72566	1.3399	-1.2787	1.6141	-0.56977	-0.0020315	0.95754	0.73778	-0.34139	0.88858	-1.1797	1.3815	1.1604	0.018513	0.40389	0.97951	-0.32774	0.54541	0.6872	0.37195	-1.4205	-0.33567	-1.9762	-0.37572	-0.79713	-0.10332	0.38435	0.82263	-0.15013	0.047139	1.0056	1.2893	0.21078	0.86812	-0.73707	1.5785	-0.65507	-0.77486	0.53812	-0.065333	-1.5865	1.0775	0.69521	1.6476	0.29484	0.70498	-1.1515	1.8595	2.3715	-0.38132
-1.0799	1.0001	-1.1353	0.15361	-0.13482	0.82663	-1.9688	0.12344	0.26192	-1.7711	-0.15884	0.62918	-1.2758	-0.30004	0.19685	-0.52258	1.5732	0.76944	-0.57876	0.33162	1.1288	0.24822	0.55692	0.64314	0.73915	-1.3227	-0.67679	-0.35289	-1.5974	-1.4019	0.35765	0.35891	0.9246	0.58126	-0.98197	-0.23099	-0.51126	0.64876	-1.717	1.0664	0.27068	0.55493	-0.78025	0.40022	-0.25296	-1.7211	0.71268	0.22603	-0.74311	1.24	-1.7651	-0.41099	-0.39083	-0.71372	-0.66394	0.48305	-0.8738	0.06888	-0.42512	-0.12836
3.0034	-0.54186	0.88552	0.037869	0.03148	-1.9026	1.0208	0.15452	-0.43402	0.037427	-0.10901	1.832	-1.1068	-0.56153	0.26281	1.8542	0.25734	1.1111	0.75262	0.71895	1.2875	2.2912	0.14759	-0.29002	0.18721	-0.30318	-2.3113	-0.11595	0.16784	-0.3663	-0.21687	1.2362	0.08252	-0.6297	-0.062862	0.04145	-0.67176	0.73533	0.96156	1.0597	1.9891	-0.59042	2.3174	-1.5503	3.1606	0.78399	-1.0726	-1.419	-0.39798	1.5421	-0.41266	-0.45082	-1.313	-1.1739	-0.57869	0.36003	-2.0623	0.66735	-0.48111	0.80433
-0.0067544	-0.44269	0.50276	0.50515	2.0251	-1.3012	-0.70203	-1.2234	-0.57012	-0.50539	-0.44143	-0.46893	-0.51039	-0.23713	0.42824	1.1137	-0.36496	1.8274	0.87276	1.2197	-0.9802	-1.8282	0.32694	0.34433	-1.7003	-1.4859	0.35206	1.0365	1.3563	-0.91826	0.60462	0.61424	-0.032075	-1.0505	-1.1058	0.73917	-1.6808	-0.2963	0.13919	1.0943	-0.36057	-1.3939	0.34678	-0.71839	1.7762	-0.86926	0.17243	2.0411	1.0541	-0.016916	0.47917	2.4027	1.4006	-1.3284	0.18471	1.0649	-1.5348	0.28867	-0.068164	0.28837
-1.2513	-1.827	-1.0724	1.8749	-0.12973	-0.95153	1.4679	0.91899	-0.86259	1.075	1.1104	-0.77376	0.53989	-0.37074	1.2508	-1.2621	-0.40853	0.82079	-0.079534	0.57639	1.7375	-0.42636	-1.0958	1.5623	-0.4374	0.31828	-0.58196	-1.5688	-0.94734	1.3122	-0.41514	-0.15018	0.30004	1.4267	-0.096949	-0.50792	-0.61464	0.32975	-2.327	-0.9352	0.4728	0.19407	-1.5105	0.77235	0.2239	-1.4279	0.1923	1.3511	-0.49352	-1.3475	0.15876	-0.56015	-0.35871	0.41016	-0.054833	-0.38144	-1.0317	-0.82025	-1.0235	-0.60516
2.7363	0.14765	-0.54935	-0.12786	0.24533	0.27607	0.31872	1.0905	-0.34388	0.35512	-0.61862	-1.859	-0.57194	1.418	-0.35459	1.0219	0.60182	-0.59725	1.9134	0.87343	0.90258	-0.90963	-0.64707	0.64644	1.1998	-0.02638	1.7119	-0.1278	0.71805	0.0033667	1.094	-0.32708	-0.031385	-2.0548	0.84752	0.63519	0.0080035	0.89159	-0.14733	0.13968	3.1864	-0.088646	1.4432	-1.0924	-0.37142	-0.59011	-0.0021045	0.58201	0.8737	-0.19001	-1.1754	-0.19835	-0.073768	0.6124	-1.2104	-1.8431	0.45884	-0.77655	-0.49077	0.55038
0.028493	0.16492	1.1843	1.0659	0.0035925	-0.53167	-1.1938	0.31576	2.3131	1.0471	0.22496	-1.0979	-1.2259	-0.53002	-3.7422	0.41739	1.2435	0.11058	-0.32708	1.3529	-0.42774	-0.57937	0.92597	0.0055104	-0.63449	0.85833	-0.48078	1.4897	-0.62939	-0.59395	-0.62869	0.35625	1.3051	0.35998	0.77776	1.261	-0.13375	0.95439	-0.11906	2.0945	0.26628	-0.53972	0.10575	-0.73826	-1.5186	0.35533	0.22685	0.65972	-0.84495	-0.80512	-0.49075	-1.0057	2.6914	0.37153	-0.65313	0.42432	1.2295	0.6776	0.91665	0.48075
-2.3425	-0.75989	1.0598	-0.19808	0.2592	0.55492	-1.0214	0.19011	-0.43479	-1.4742	0.39323	-0.84408	-0.50283	-1.3392	-0.60296	0.43953	1.5715	-1.1315	0.34532	0.52339	1.044	1.2599	-1.1059	0.061373	1.2307	0.54511	1.4	1.2165	2.3438	-2.62	-0.33185	-0.33863	-1.4236	-0.053416	0.95544	-0.40766	1.4058	1.1612	-0.73715	0.039276	-1.8105	-0.75055	-1.1521	0.22127	-0.6853	-1.1844	-0.65032	-0.84748	0.014626	-0.89567	0.35224	-0.14413	-0.26066	0.91173	2.3062	0.84764	0.64269	0.00472	0.12979	0.58143
-0.85948	-1.4926	0.42911	-0.70187	0.39372	-0.83054	-1.2534	-1.4034	0.2811	1.9545	0.20044	0.4905	0.14381	0.2301	2.3655	-0.78127	-0.15889	-0.67371	0.71405	0.25519	-0.32726	0.74211	-1.0057	0.11942	0.20044	1.5739	0.53863	0.033061	-1.3417	-1.4709	0.59063	-0.70018	-0.24119	-0.69777	0.010335	0.056552	1.9081	1.6441	0.89767	1.2487	-1.3507	1.1021	-1.1021	-1.4378	2.9976	0.15134	-0.48155	-0.16444	0.069009	-2.07	-0.71555	0.52932	0.03554	-1.6629	-0.49149	-0.15007	0.081332	-1.6788	0.25534	1.5291
-2.4755	0.43879	1.3437	0.38035	0.58906	-0.47504	-0.18519	-1.1447	-0.12151	-0.55262	-0.65803	1.4473	-0.11706	0.62993	0.37531	-1.0149	-1.8899	-1.4338	0.27594	-0.30121	0.7595	-0.37995	-1.3223	0.096332	1.101	0.26542	-0.18596	-0.42093	1.2681	0.91431	-0.42965	-1.3464	-0.91355	0.82771	-1.5859	-0.88042	0.34809	-1.1604	-1.0967	0.24807	-1.0722	-1.8424	0.27436	-0.45398	0.54922	-0.82534	0.21455	0.79911	0.26109	-0.40227	-0.82696	-0.51722	0.39991	0.84713	0.048011	-0.49292	0.33544	0.67121	-0.42166	1.4431
-0.56619	0.89829	0.96834	0.056627	-0.084666	0.87201	-1.8037	0.03374	0.069139	0.36559	-0.88486	-1.4102	-2.6384	0.5451	1.078	-0.44433	2.3793	-0.64098	-1.3113	-0.14569	0.10579	0.68235	0.12104	-0.76362	-1.523	-0.58669	-1.3637	0.72359	-0.10363	-1.853	0.36559	-0.92241	1.3504	0.16527	0.11641	-0.90024	0.63063	-0.049603	0.10816	-0.21177	0.52414	-2.5536	0.059962	1.1547	-0.30178	0.46791	-0.47601	0.059199	-0.58398	1.145	0.46994	1.3759	-0.04176	-0.059309	0.3133	1.4484	-2.3901	-1.6766	1.2668	1.8935
-0.31827	1.3538	2.1702	0.1897	-0.45553	-0.47719	-0.25613	0.79867	-0.17065	2.0373	-0.33968	-0.71586	0.54452	0.23531	0.46253	-2.0939	-0.15	-1.8335	0.18534	0.76499	1.1796	0.75297	0.48408	0.77544	-0.056661	-0.038501	1.0204	1.0873	-0.47083	-1.7973	-2.2953	-1.6226	-1.0001	0.51068	-0.83926	-0.14878	0.42989	-1.4506	-0.91097	-0.68839	-0.86882	-0.50355	0.72775	-0.44761	0.63185	0.27837	0.25902	0.9112	2.1402	1.4673	-1.584	0.52991	-1.2468	-2.0108	-1.2107	-2.1819	-1.1313	1.3543	-0.47649	2.6807
0.60743	1.004	-0.14599	-0.27958	-0.78337	0.16082	-1.4829	-0.85007	-1.0692	0.16834	1.5159	2.1575	-1.7557	0.34675	-0.6541	-1.0815	0.10338	-0.47186	0.051119	0.76851	-0.93548	-0.15271	-1.7004	-0.38325	0.98885	-1.7457	0.39085	-1.352	0.21899	-0.45029	-0.27853	-1.6039	-0.91107	-0.31433	0.19272	-0.070228	-0.75668	1.4514	-0.078583	-0.8923	-0.63072	0.047121	1.0424	-0.53881	0.99077	0.34478	-0.69152	-0.6954	0.17734	-0.10333	-0.90499	-0.79434	0.53913	0.52166	-0.3114	0.82613	-0.34994	-0.1155	1.2348	-0.53992
-3.1753	-1.2889	0.29085	-0.21579	2.7513	-1.4151	-0.24387	0.040251	-1.3738	1.0792	0.74393	1.5429	0.68752	-3.5502	-0.96705	0.31179	-0.81507	0.28337	-0.066238	-0.5475	0.068056	0.51297	1.1431	-0.89395	-0.57177	-0.72064	0.8479	1.5726	1.0557	1.341	0.24928	-0.80171	0.67975	2.3605	-0.12668	0.29625	-0.93997	-0.071115	-0.75967	1.1618	0.60807	-1.2809	0.91304	-0.34622	-0.58232	-0.31121	1.7369	-0.95995	-0.93587	1.4166	0.36264	-1.9137	0.31992	-1.7006	0.79092	1.3872	-0.18278	-0.90839	1.2269	-0.5107
-1.2721	-1.2618	-1.4676	0.27578	-0.33175	0.78848	-0.056694	-0.20969	-1.7215	-0.77546	0.10443	-0.42815	1.275	-1.8314	-0.1812	0.11458	-0.72236	0.112	1.6613	-1.0504	-0.35088	-1.4191	0.72794	-1.2061	-0.85819	1.423	0.82342	-0.75597	1.0165	-0.6591	0.10603	1.8344	2.2572	-0.1891	-0.28351	0.78551	0.8493	-0.4903	-0.45215	-0.54025	-2.5399	-0.41366	-1.4354	0.011307	2.2186	-0.21377	1.778	-1.3658	1.2756	-1.6736	-0.27993	0.29075	0.6201	-0.12426	-1.0822	-1.2177	-0.72216	-1.0192	-0.57909	-0.95052
1.9305	0.26992	0.28347	-0.83898	0.27681	0.32301	-0.93605	-1.1892	-1.9349	0.87279	-1.0121	0.046738	0.083111	0.091216	-0.6382	-0.22635	-0.30691	1.3496	-1.1562	-0.20591	1.0664	0.42107	-1.0882	0.79315	-2.7018	-0.49259	1.5677	0.49846	0.79161	-0.092953	-0.38022	0.69592	2.3171	-0.65394	1.8217	-0.15448	-0.797	1.0412	-0.53377	0.57234	-1.2767	-2.0307	0.20154	-0.034184	1.6543	0.4955	0.54702	0.62772	0.6795	-0.96877	-0.076407	-0.59779	-0.23699	2.2967	-1.4042	0.034177	-0.3209	0.37938	1.7927	0.91231
-1.021	-1.4338	0.84799	-0.99212	-0.71526	0.46535	-1.5224	1.5562	0.10282	-0.23409	0.80782	0.80621	-0.24917	1.1023	0.36731	1.1	0.26347	-0.19109	1.7487	-0.78321	0.63308	2.0224	-0.41335	0.63464	0.31955	-0.34825	-0.0035542	0.61778	2.3285	0.88643	-0.24409	-1.9731	0.24906	0.46488	-0.99494	0.8058	0.58494	0.38041	-0.68097	-0.4882	-0.68245	-1.3169	-0.71319	0.91887	-2.4557	-1.9707	0.24207	0.12373	-0.94883	0.53644	1.259	0.68374	-1.5634	-0.73056	-0.85381	-0.33875	-0.67128	-0.84161	1.9099	-0.33297
-0.23691	0.28636	-1.7322	-1.1416	0.46986	0.35139	-1.161	1.1257	-0.066739	0.14169	0.10928	-0.54997	-1.8313	-0.13088	-1.565	-0.16467	0.20735	0.19796	-1.3863	0.3666	-1.2105	0.25167	0.6032	1.5984	-2.0508	0.82926	-0.16216	-0.07531	-0.5624	0.23415	-0.25862	-0.61876	-0.53861	0.6636	0.44442	1.0534	0.40797	-0.19381	-1.1836	0.36018	-0.35648	0.17365	0.83034	-0.44829	-0.52875	-0.30532	0.26259	1.9894	-0.87289	1.3399	-0.21543	0.8979	0.059707	-0.53421	-0.2592	0.95887	1.2668	0.96102	-0.56376	-1.2888
0.62305	0.52798	-2.5126	0.024231	2.0956	-0.18844	-0.64419	-1.0078	-1.811	-0.48944	0.30143	-0.98391	0.25347	0.78797	-0.5933	0.4922	0.56548	-0.042806	1.9564	-1.2722	0.27507	-0.92674	-0.72176	0.44097	1.0929	0.1701	1.3048	-0.93013	0.33816	-0.53089	-0.75736	-2.6316	0.76018	1.7504	0.6238	1.5005	-0.059443	-1.1044	-0.75361	-0.92206	1.2336	-0.35449	0.20778	-1.4503	-0.060791	-1.5046	-0.83391	0.88445	1.7097	0.48544	0.097238	1.0733	0.72802	-2.4489	-1.7916	-0.83336	-0.87361	-1.6002	-0.67825	-0.93118
1.71	-0.60998	-1.276	-0.41627	-0.68497	0.26216	-0.23129	-1.4855	0.58032	-0.36395	-0.60003	-0.8518	0.79389	-0.10893	-1.5528	2.1708	-0.3417	0.27106	0.35483	-1.3065	1.2211	0.25112	0.14365	1.3506	0.1591	-1.7223	-0.01606	1.167	1.2126	0.26468	-1.6935	1.0964	-0.057384	-0.14962	1.622	0.74364	-4.0472	-1.3179	-0.50179	-1.619	0.5136	0.49744	-0.37382	0.84785	-0.45249	-0.012683	-1.0283	-0.55352	0.054617	-1.3942	-0.31219	0.83032	0.81378	-1.9461	0.40672	-0.45798	0.45054	0.17212	-0.31608	-0.013316
0.94484	0.72602	-0.74969	-1.3274	-0.41905	1.02	0.34281	0.394	-0.44253	-0.76566	2.077	-0.10517	-0.033247	-0.2737	0.069715	-0.31951	-1.0442	0.49294	1.4398	0.18487	-0.74415	0.056428	1.0203	1.7831	-1.4052	0.11401	-0.43328	0.5446	0.16892	-0.58863	-1.8072	-1.2142	-0.6064	-0.4624	1.364	-0.40623	0.19245	1.0969	0.41191	-0.096262	-0.41156	1.0322	1.805	0.29784	0.49274	0.41931	0.83464	-0.14141	-0.51219	0.53186	-0.30648	0.89182	-1.4639	1.3264	-0.73062	0.23855	-0.46788	0.71357	-1.4175	-1.0673
2.5371	-0.97539	-0.69836	0.062317	-0.7987	0.14671	1.1759	0.068684	1.7262	-1.4497	-0.28464	-0.87404	0.3685	-1.2617	-1.7596	-0.39353	-1.815	-0.89811	-0.5473	-1.6704	0.56392	0.30561	-0.62715	-1.3923	-0.2753	-0.16785	-2.1729	1.3074	0.43553	-1.7535	1.9781	-0.15355	-1.4734	-1.4327	0.76828	-0.93404	-0.95578	0.41161	0.059043	-0.28253	-0.17769	0.26206	0.66446	-2.6972	-1.4203	-0.57315	-0.45559	0.71162	-0.73112	1.3124	1.133	-0.17711	3.3255	-0.36531	0.98339	-0.063022	-1.7249	1.8798	-1.0636	0.073731
2.9855	0.64273	0.371	-0.14542	0.2452	1.8902	-0.46096	-0.22154	-0.45558	-0.41205	-0.17248	0.61887	0.088209	-0.76072	1.652	-0.86957	-0.33044	0.080097	-1.6822	-1.0091	-1.2937	-2.6643	2.133	-0.73035	0.84006	0.017194	-0.99414	-0.04039	0.40474	-1.1428	1.1981	1.1968	-0.097376	0.018122	-0.62369	1.167	-0.69576	2.2123	-0.38754	1.4394	0.64882	1.0487	2.007	0.54148	-0.28997	-0.33403	-1.5449	1.6735	-0.1357	-0.44471	0.082517	1.0358	-0.15889	0.30928	-2.3154	-0.66758	-1.0666	-0.63916	-0.76197	-0.42211
