-0.75883	0.65775	1.4361	-1.535	1.7528	1.2831	0.093642	1.5801	0.24478	-1.0203	1.1278	3.3914	-0.77425	-1.0015	1.1383	-0.023952	-1.3638	1.2363	-0.15408	-0.79521	-0.58157	-0.49766	0.93743	-1.1557	0.46922	1.0044	-0.85984	0.33439	-1.6535	0.69688	-1.1222	0.80636	0.43357	-0.21951	-1.6737	1.5259	0.34571	1.4846	0.19963	-2.3379	2.1198	-0.61291	0.59505	-0.38244	1.0574	0.40348	1.4423	0.79549	0.81164	1.0077	-0.55869	-1.5947	1.4104	-1.9158	-1.0473	0.16657	0.19773	0.22074	1.7728	1.2329
2.8785	0.22035	0.90864	-0.59117	-0.23098	-1.7478	0.069832	0.92698	-1.0582	-0.22248	-0.72408	-0.3627	0.90239	0.067267	0.73959	0.39678	0.93579	-2.2572	-1.0221	-0.17188	0.34791	1.1484	-0.63962	-0.60495	-0.28516	0.69522	0.10643	1.1257	-0.77193	0.41113	0.38719	-1.644	0.29639	1.0118	-0.46269	-1.374	-1.7489	1.86	-1.2813	1.1847	-1.3678	-2.1843	0.63169	0.95207	0.54422	0.69076	0.34386	0.51701	-0.96606	-0.082812	-1.0082	-0.79913	-0.56921	0.22978	1.5111	0.37753	0.40614	0.54328	1.2037	0.58042
0.098339	-0.43304	0.59722	-1.6835	0.041733	0.94324	-0.22795	0.57682	0.17243	0.58503	-0.49347	2.7603	0.39661	0.14101	-1.1906	-0.19315	-1.4456	-0.28859	-1.2291	-0.063966	0.15221	-0.48455	1.6329	1.3689	1.4139	0.59073	0.78	-0.65724	0.13181	-1.1224	0.23985	1.1422	-1.1009	-0.23375	-1.441	0.5811	1.2058	1.1684	-1.0504	-1.0688	0.33025	-0.7582	-0.89822	-2.1468	1.0791	-0.66817	1.1252	0.61044	-2.2847	0.40127	0.08527	0.34824	0.38277	-0.17238	0.93639	0.92187	1.9636	-0.91144	2.0999	0.21446
-1.2341	-0.81034	0.11777	0.13802	0.41091	0.82701	0.36159	-1.0245	-0.69016	-0.75889	-0.59045	0.16949	0.34072	-0.22754	-0.99884	-0.32585	0.59705	-0.12961	1.4403	-0.81839	0.29418	1.1514	-0.86027	-0.056095	-1.2147	-0.9311	-1.4473	-0.93475	0.36763	-0.24015	0.58304	1.0277	0.36256	1.0875	0.43984	2.6733	1.0711	-1.8054	0.60649	0.47975	0.82605	0.97044	-0.33695	-0.12427	0.23414	0.33205	1.9127	-1.7645	0.89828	1.2296	-0.63363	0.45286	-0.04602	-1.076	0.14356	1.6681	-0.39915	0.62752	-1.1213	-0.92166
-1.9136	-1.4347	-0.94252	-0.89964	-0.44206	-1.6435	-0.50685	-0.77492	-0.79373	-0.31684	1.1718	-0.64383	0.42103	1.5855	0.6846	0.12939	1.086	2.2299	-0.51696	0.84837	-0.81399	-1.2485	-0.67741	-0.073732	-1.9617	-1.5986	-0.057066	0.60056	0.78545	0.43734	-0.1798	0.53002	2.4929	2.4607	-0.54807	1.9044	-0.13385	-0.13515	0.62626	0.59479	-1.5341	0.97667	0.52604	-0.026382	-1.3426	-0.074465	-1.8626	-1.0909	-1.1317	-0.5135	0.3327	1.0105	-1.2323	0.45524	0.92358	0.96132	-1.5944	0.73202	-0.16877	1.3814
1.4353	-0.34885	0.26942	0.51085	-2.4612	-0.61399	-0.39545	-1.1448	-2.2324	0.84004	-0.61379	2.3901	-0.95824	0.95313	0.70345	0.5599	-1.038	-0.17832	-0.46994	-0.95989	-0.44503	-1.6212	-0.15739	-0.19746	-0.83137	0.63733	-1.0486	-0.24818	0.52491	0.21322	-2.3974	-0.77242	-0.4061	-0.91625	-0.98644	-0.41057	-0.53269	1.6441	-0.24916	0.5742	0.39987	-2.331	-1.9877	-0.23368	0.099859	0.045157	-0.30505	-0.13198	0.85662	0.046294	-1.8352	-1.1575	-0.074179	0.09121	0.82667	0.54593	-0.45975	2.1167	0.1091	-0.91983
-2.0442	0.09865	-0.40664	-1.3519	-0.46982	-1.628	0.68242	1.9437	0.74024	-0.32318	1.3596	-0.20443	-2.219	-0.14463	0.0787	0.56222	-0.16428	1.1737	-1.3284	2.4592	1.3522	-0.24677	0.28802	-0.87267	-0.93076	0.076155	0.98566	0.92584	2.1315	-0.32583	-0.22301	-2.7343	-0.30855	0.66304	-0.48431	-0.12428	-0.76745	-0.93013	2.7153	-1.1744	-0.26451	-0.8423	1.4839	0.47076	-0.099465	0.21938	1.2123	0.25447	-0.054916	0.084633	1.5909	0.54645	0.21702	0.61989	-0.15031	-0.98722	0.36761	-1.6223	-0.69415	1.0579
-1.0727	0.27011	-0.21527	0.27746	0.4236	-0.50092	-2.1246	1.0212	-0.55792	0.2848	0.96956	-2.1231	1.2562	0.74117	0.12238	-0.35879	1.2052	0.44578	0.53234	2.6929	0.55464	1.1765	-0.050684	1.8023	-0.095097	-0.99499	-0.016643	-1.716	1.2576	-1.1842	0.28164	0.91435	0.48275	0.64481	-1.1384	0.21959	1.2033	-1.036	-0.96559	-0.55506	0.40675	0.14588	0.65087	-2.1762	-1.2241	-0.25093	-1.7129	0.76219	0.50623	-2.1076	0.7889	-0.42951	-0.70414	0.57862	1.1724	0.37044	-0.65645	0.83138	0.876	0.13831
3.463	-0.16677	-0.45905	0.54619	-1.3023	-0.41152	-0.54008	1.3665	0.70685	0.60757	0.91982	2.6188	0.032717	-1.4159	-1.6809	0.037781	1.6635	0.831	1.0477	1.7938	-0.48512	-0.63363	1.1019	-0.71702	2.2	0.89062	-0.63543	-0.3735	0.52188	0.7129	1.1684	0.33997	-1.0147	-0.78255	-0.65186	-0.31038	-0.30875	1.0261	-1.7977	1.3817	1.7872	-1.5335	-2.1689	1.8385	1.4039	-0.76401	1.0531	1.5178	0.22709	2.2205	-0.31824	-1.4277	0.17065	0.84716	0.012757	-1.0605	1.1547	0.31926	2.2035	-0.26791
0.98544	-0.019369	0.43226	-1.5897	0.24965	0.76311	-0.0057323	-0.35969	0.025904	-2.0893	1.2419	0.88592	0.55059	0.6547	0.28681	1.4184	-1.1189	-0.074688	1.0841	-0.01455	0.64293	-1.6199	0.34875	1.0834	-2.2401	-0.23564	-1.2532	-1.0302	0.59284	1.0903	-0.20946	-0.51922	1.8022	-0.33531	0.63226	-0.60022	0.25668	-0.97192	-0.22656	-0.87383	0.057275	0.43792	1.7037	-0.19609	0.78158	-0.70622	0.3379	3.033	0.40401	-0.37145	0.7773	0.70114	-1.297	-0.86247	-0.22386	-0.25367	0.10491	-0.56036	0.43344	0.47076
-1.3013	0.37592	-1.1219	0.82489	-0.21385	0.72003	-0.99347	0.78186	-0.27627	-0.072641	-0.27172	0.66302	1.8027	0.8961	0.02945	-0.74758	0.084047	-0.99762	-0.087357	0.94207	-0.087498	1.1928	-0.49817	0.43755	0.33004	-1.4001	-0.52188	1.0049	-1.1378	-0.15325	-0.97425	-0.9795	-0.92145	1.1522	-0.32575	0.70729	-0.22421	-0.45509	1.1646	-1.5508	-0.8076	1.121	1.7953	-0.9596	0.39788	-1.1983	0.60884	0.022591	-0.84713	0.67773	1.0962	-0.32501	-0.7305	-1.2844	-1.0741	0.39846	0.33939	-0.78358	0.75403	-1.0656
2.2972	-2.1277	-0.27377	0.75331	0.012275	0.04907	-0.50852	1.9653	-0.46034	0.698	1.2113	0.20895	1.4486	0.44391	-1.4878	-0.47128	-0.14522	0.63792	0.71271	0.69706	-1.447	-1.5258	1.3455	0.82345	0.41218	1.5462	1.8469	-0.7723	0.041903	0.43107	0.12037	0.20281	0.19415	0.50569	-2.1621	-0.59401	-0.83471	0.11464	-0.43439	0.81267	0.012117	-0.33357	-2.0061	-0.7623	-0.084606	-0.46715	-0.77058	-0.81984	0.66544	0.18801	1.3239	0.49298	-1.1126	-2.271	0.19211	-0.22714	0.55456	0.91397	-0.20018	0.14879
-1.1141	1.2013	0.051885	-0.53259	-0.45745	1.8183	0.50796	0.42044	0.33693	0.45433	0.47225	-0.35987	1.7116	-0.23943	-0.84344	-0.41275	1.183	0.78152	1.172	-0.21415	0.15094	-1.8143	0.9456	-0.10749	0.056039	1.0135	-0.27337	0.43084	-0.71785	-0.53184	0.54166	-0.21177	-1.5657	-0.25614	2.625	0.77806	0.49847	-0.69193	-1.5389	0.035473	-3.2625	-0.72011	-1.249	-0.41808	0.89319	0.69944	-0.6268	-1.8326	-0.62362	-1.2772	0.52085	-0.49476	1.3255	-0.027043	-1.6099	0.079236	0.71737	-0.49594	0.61774	0.3393
0.59376	-0.32655	-0.12764	-0.13427	-0.12848	-1.4557	-0.018266	-1.1904	0.12795	-1.1664	1.3628	1.5372	-0.53919	2.0646	1.1394	0.8534	-2.0728	-1.2658	-0.70228	-0.32769	-1.3116	0.65508	-0.52271	-0.16537	-0.54855	-0.088259	1.3722	-1.8305	-0.96146	-0.47091	0.55474	-1.0231	-0.52478	0.55334	-1.0763	0.89559	0.19116	0.72069	-0.16439	-1.1259	-1.2965	-0.12514	0.43189	1.0107	0.22043	1.3445	0.48759	-0.13158	0.49162	-0.2247	0.29724	1.1686	1.4299	-0.13761	-0.97185	-0.63667	0.40304	-0.0766	1.3824	0.66086
-2.2143	0.63298	0.66861	1.7507	0.085326	0.26302	-1.5754	-0.46034	-1.4935	-0.14797	-0.77948	-2.8382	-0.0044852	-0.8407	1.2678	2.2274	0.15266	0.28226	-1.9583	1.4974	-0.62383	0.3909	-0.2013	0.34356	-0.086392	0.13069	-1.0641	0.13269	-1.4884	-0.10857	0.18259	-0.27845	0.32572	1.4449	-2.1595	-0.88846	-0.056577	-0.13408	0.90323	-0.26753	-0.10844	2.7513	-0.39509	-1.5329	-2.5205	0.82317	0.10741	-1.036	0.37665	-0.95396	0.96428	1.7305	-0.13182	1.0281	0.70837	-0.91406	-0.46475	0.2962	-0.35704	-0.56386
1.1126	-0.50764	0.39506	-0.18337	-0.4358	0.45725	0.2911	-1.9737	-0.33906	-1.0786	0.1119	-0.80119	-0.014159	1.2536	1.7018	0.79855	-1.5981	1.4672	1.0751	0.25344	2.4305	-0.46095	1.7937	-1.1065	-0.39723	-1.1726	0.56261	0.36394	-0.65122	-1.407	-2.6976	-0.95362	-1.4345	0.37974	1.3616	-2.287	-2.0304	-0.19642	0.6672	1.51	1.4767	-0.45259	-0.71356	-0.98221	0.5497	0.75916	-1.5241	-0.073463	-0.73269	0.39823	1.3473	1.4018	0.28432	-0.2176	-0.68037	-1.1743	1.1643	-0.89836	-1.9473	-0.82701
2.2411	0.25283	-0.36676	0.2043	0.38844	0.43795	-0.18028	2.2844	1.0582	-2.4769	-0.95141	0.6918	0.49718	-0.28475	-0.045865	-0.32492	-1.3164	2.1298	-0.19612	2.3247	-0.89022	-0.25718	-1.3088	-0.8556	0.90204	0.75576	-0.87547	0.15096	-0.4404	0.82765	-0.76932	1.5558	-1.5504	-0.27596	-0.94072	-1.2994	-1.6456	2.1179	-0.7268	0.53157	-1.0777	-1.3649	-0.062958	0.30459	1.0186	0.79291	-0.55589	-0.55992	0.62999	0.055268	-0.16274	-1.0602	-0.77315	0.27314	1.7352	-0.34652	1.1082	1.3697	1.072	1.5164
0.55412	-1.6142	-0.82377	-0.15456	-1.4519	-0.5242	1.2747	-0.78047	0.20298	0.28128	1.8452	-0.22683	0.64536	-1.2313	-0.87714	0.32655	0.52435	-0.47217	0.27473	-0.67273	0.57425	-0.70235	0.2513	0.35241	1.4329	-1.1095	0.21376	-1.7264	0.12683	0.78431	-1.0672	-0.20514	1.2286	1.5157	0.14355	1.344	-0.29949	-0.73322	-0.24336	-1.638	-0.79689	-0.67099	1.3283	0.27092	2.0704	0.41597	0.3829	-0.17	-0.94856	0.11174	-0.31855	-1.5	0.45741	-0.10805	0.2046	-0.5204	0.6854	-0.59854	0.35579	0.66819
-0.1936	-0.92037	0.23864	1.0772	-2.178	0.114	0.14114	0.34995	-0.37868	0.33818	-0.55409	0.35232	1.1481	-0.090769	-1.0792	-0.10337	0.4341	-0.27022	1.6613	-0.44117	-0.42508	1.6297	0.29864	0.53531	1.3336	-0.65518	-0.1857	0.86949	-0.79666	0.23886	-1.1634	0.50932	2.2357	-0.11358	-0.45171	1.7107	-0.88876	-0.42575	0.015956	0.53355	-1.0576	-0.98493	0.28667	-0.17005	-1.6425	-1.7552	-1.7007	0.033835	0.54169	0.75674	-1.1514	-2.0998	0.68158	-0.17265	0.071398	-0.4061	-0.31156	1.9018	-0.15385	0.51079
-3.3535	-1.4873	-0.7817	0.14679	0.36166	2.5098	-1.7573	-1.7281	-0.28118	-0.86942	-1.0386	0.44067	-0.42668	0.46852	0.20345	-1.6007	0.76586	-0.25631	-0.66216	-0.15319	0.39334	1.105	0.10209	-1.7247	0.83433	-0.54648	1.8452	0.61003	0.65415	-0.34103	-0.84325	-0.7299	-1.2966	0.024311	0.32555	0.26029	0.79338	0.70581	0.34566	-0.7087	0.37143	0.61852	0.88626	-0.79392	-0.48179	1.939	1.7024	-0.47151	-0.6633	0.021335	-0.6893	-0.82981	-1.8626	-1.6607	0.082122	-0.64709	1.3223	-1.8512	-0.92869	0.50276
0.72435	-0.44021	-1.0034	-2.3712	-0.47582	0.46954	-0.12097	-1.3692	0.95576	0.73697	-0.19037	0.3749	0.07365	0.17838	0.77184	-0.36032	1.589	-1.1447	-0.32195	-0.80087	-0.66574	-1.6519	1.1657	0.076282	-0.12692	0.096215	-0.71076	-0.36995	0.89737	-0.066568	0.51102	0.65537	1.0282	-0.71814	-0.56028	0.194	-1.1271	1.3595	-1.2557	1.1377	1.7673	-1.4385	1.0299	0.6707	0.255	-0.37883	-0.045165	1.0338	-0.55247	-0.51437	2.9951	1.4968	1.1823	0.8639	0.069485	-1.7396	-0.19103	0.76144	0.67156	1.6044
1.8876	0.45383	-0.55173	-0.28267	0.51062	-0.47101	-0.44476	1.4544	-0.13378	-1.5812	-2.1928	1.0275	-0.47906	-0.39742	-0.13962	0.037233	-1.0191	-0.025347	-2.1957	-0.93387	-0.39416	0.27739	0.27781	1.2668	1.6823	0.44496	-0.82657	0.53326	1.2527	1.1283	0.10248	-1.4556	-1.2887	-0.84341	1.0026	-1.0727	-2.0489	1.8003	-0.92783	1.1136	0.81174	-1.7025	-0.3481	1.0759	-0.31472	-1.0691	0.69425	-0.63858	-0.42342	1.5873	-0.6047	0.19523	-0.22825	-1.8016	-0.21846	-0.56153	0.20108	-0.50305	1.0104	-2.0558
0.60078	-0.53222	0.9646	0.068244	1.6319	-0.40852	-0.31751	0.47525	1.0535	-1.2079	-2.65	-0.1111	0.24891	1.5232	-0.2607	0.091814	0.67047	-0.61848	-1.014	-0.22992	-1.7766	0.50555	-1.0364	-1.5556	0.05854	0.4784	-0.23453	0.5309	0.75418	0.68187	-0.20792	0.26535	-0.55227	1.3578	-0.56655	-1.3064	-0.77898	-0.5417	-1.4298	-1.1817	1.7817	-0.0038835	-0.99551	1.1373	-0.90885	1.482	-0.23936	-0.6942	1.2924	-0.58598	0.037152	0.75521	0.26221	-0.61116	-2.1344	-0.7821	0.6825	1.0764	0.24563	0.92711
0.49857	1.4523	1.4991	-0.58331	0.020161	0.60128	1.2833	0.14765	-0.51483	-0.029904	-1.333	-0.70289	-0.85953	0.18231	-0.24413	1.1457	0.19643	-1.1335	0.43926	-0.99521	0.20732	2.4453	-0.43764	0.20167	1.1458	-1.0151	1.2543	-0.40083	0.8327	-0.5338	1.7307	1.1932	-0.68613	1.7031	-0.15212	0.67896	0.051066	0.12173	1.9055	-1.3771	-1.5671	0.83019	-2.1442	0.79943	1.2527	-1.4363	-0.082184	-0.61033	0.756	-0.81218	0.98225	-0.58684	0.89915	0.54925	-1.3637	-1.1511	0.056649	-1.978	0.91575	1.4765
1.0214	-1.1475	0.24049	2.2377	1.2577	0.5458	0.87411	1.3434	0.19208	-0.10652	-0.26978	0.6031	-0.23228	-0.76412	-0.92966	0.60787	-0.56511	-0.94118	-1.3713	-1.3736	0.68661	-0.36405	0.61905	1.2154	-0.26683	0.72545	2.896	-0.33537	0.44761	-0.30547	1.1169	-0.40022	-0.41715	0.40469	0.23909	-0.94614	-2.4266	-1.1485	-0.79784	0.8432	0.90884	0.32527	0.80354	0.024383	0.5897	-0.27189	0.65874	0.036209	1.1844	-1.4082	2.2088	-0.42253	-1.0792	-1.2964	0.11133	1.3018	-0.94331	0.41902	-0.82577	0.95467
-0.85203	-0.79751	2.1764	0.27948	1.3082	0.95749	0.21027	1.3534	-0.11408	0.54606	-1.5538	-2.2775	0.76523	-0.3541	-0.41017	0.38424	-2.6291	-0.3603	-1.0799	0.47233	0.030548	-1.532	-0.099348	-0.22578	0.52434	-0.6257	-1.3495	-0.075576	0.5013	0.3609	0.6606	-0.93675	-0.85192	-0.45368	0.39967	0.50178	0.56769	0.80114	0.89219	0.019775	-0.28416	2.6368	1.858	-0.86905	-2.3156	0.05432	-0.31085	-2.3957	0.73041	0.83963	0.56659	0.18285	0.17385	1.3028	-0.70435	-0.55633	0.25759	1.8615	-1.455	1.718
-2.836	-0.83693	0.57447	1.1095	-0.86349	-0.1838	-0.81618	-1.5412	1.141	-0.48137	0.030579	2.5061	0.34177	-0.026203	0.72028	0.24032	-1.2064	0.73428	0.0084014	-0.088994	0.76192	0.19552	-0.54796	-1.2074	0.65119	0.78745	0.20324	0.091734	-0.089742	-0.11831	-0.21005	1.4336	1.1606	0.34428	0.015503	0.14628	0.0045161	-0.84242	0.92134	-1.2827	-1.3843	0.88492	-0.36344	-0.047293	0.66038	0.026781	0.077817	0.24405	1.1786	0.06138	-0.28426	-0.026005	0.98827	-2.1518	1.7815	-1.0403	1.9453	-0.66142	-0.21956	1.0893
-2.0976	0.46377	0.73568	0.53794	-0.72712	0.45516	-0.97955	0.2988	-0.55178	0.18929	-0.81578	-0.022878	-0.49195	-0.85188	-2.2065	0.47055	1.7385	-0.55537	1.4389	-0.1847	-0.81223	0.082638	-0.40827	0.69441	-0.85928	0.1294	0.28777	0.12725	0.28654	-0.42358	-1.479	0.33808	-0.94563	1.644	-0.84367	1.3998	2.2578	-0.87201	-0.073632	0.83475	0.071264	0.33719	0.44578	-1.0383	0.81247	-0.2146	0.86505	-0.79544	1.4502	0.29131	-3.0969	-0.17682	1.2542	-0.31312	-0.65643	0.44884	1.464	0.74193	0.11328	0.51522
0.80054	-0.18015	0.3976	-0.012931	0.70147	0.62109	-1.4275	-0.54693	-1.2305	0.096068	-2.2777	0.073404	1.0582	0.43629	1.4115	-0.014612	-0.53779	-1.8348	2.6355	0.29077	1.0656	0.53523	-0.38734	-0.31964	-2.5245	-1.0063	-0.42416	-0.66121	0.72757	0.45661	-0.50617	-1.1846	0.78179	-0.28281	0.5386	0.14109	-0.32311	0.91949	0.026377	0.14362	-0.96114	-0.082781	0.79266	-0.28602	0.50178	0.53147	3.434	-0.59265	-0.18552	-0.41123	-1.5516	0.16516	0.34403	-0.38088	-0.02638	-0.10238	-0.30221	-0.85359	-0.7193	-0.91703
1.0794	-0.025878	0.32805	-0.70106	-2.1663	0.049773	0.62612	1.1436	-1.8217	0.29689	0.15851	0.43407	-0.11061	1.9447	-1.158	0.20139	0.44179	-1.9767	0.43881	1.458	-0.28683	-0.29127	-1.4562	0.30305	1.0366	-1.2574	-1.3514	-0.60042	0.096061	1.1207	0.56206	-0.082256	-0.84358	-0.21206	0.81452	-0.99814	-0.044552	0.54424	1.0548	1.6416	-1.6724	0.8867	-0.86025	-1.1027	-0.41821	-0.66821	0.50287	-0.0058737	-1.243	-0.23778	-2.0175	1.4727	-0.53361	0.58643	0.77712	-0.65441	-1.5272	-1.5316	0.80701	-0.11968
1.6416	-0.46791	-2.9273	-1.0851	0.79572	0.20782	1.8707	0.34652	-1.7931	2.4827	1.073	-1.8372	0.221	-0.044517	-0.75776	-1.8137	-0.94692	0.27456	-0.55591	-0.85714	0.04914	2.6058	0.24564	0.76933	-0.54138	-1.5574	-1.1271	0.54229	0.048174	-0.047135	0.86092	2.0811	0.96293	-0.74991	0.72034	0.52085	-0.34714	1.8903	0.82268	1.0665	-1.6471	-1.1961	-1.0069	1.0373	-0.13014	1.993	-0.21119	0.0087015	-0.68588	0.81631	1.5203	0.65043	-0.96615	0.085779	-0.82786	0.68123	1.0139	1.645	1.0382	-1.0779
1.5538	0.12645	-0.70917	-0.20085	-0.14434	0.0019629	0.14172	-0.1355	-0.44465	1.2325	1.4471	1.4061	0.069841	1.4222	-0.3688	-0.30137	0.056775	0.99611	-0.10187	0.54923	-0.10013	0.22301	-1.978	1.3967	1.0066	-1.0602	-2.4749	1.6568	0.059075	0.93387	0.59292	0.41365	1.1736	0.083094	-1.3082	0.28187	-0.73554	0.58849	-0.17164	0.3607	-0.16386	-0.96931	-1.4785	1.5018	0.48691	0.058944	1.428	-0.76008	-0.78134	0.18161	0.33363	-1.2239	-0.39498	0.18123	0.67005	0.55712	0.69253	1.0445	-1.7367	0.14468
0.56879	-1.7014	0.09321	1.0674	-1.5208	0.042261	-0.57606	0.70695	-1.1223	-1.1305	1.2947	0.97607	1.37	0.86708	0.61541	0.12011	-1.3218	-0.0068089	0.20622	0.50664	-0.9124	0.09132	1.7182	-0.55142	0.10611	0.1776	-0.91753	0.36213	0.21159	-2.3771	2.2158	1.3753	1.2109	0.71372	-0.19702	-1.3448	-0.61448	0.647	1.7675	-1.058	2.0822	-1.2563	0.59605	0.13632	-1.736	2.2847	-0.99236	-0.50706	-0.20559	-0.12698	-0.034945	0.082837	2.3396	1.1768	1.2102	-0.6574	1.0743	-0.19887	-0.28872	0.54588
-1.8462	-2.4051	-0.41355	-0.84336	0.85335	-0.26255	1.4396	-0.52478	0.6263	0.49037	0.39213	-2.1955	0.060152	-0.12658	-0.57716	-0.30518	-0.48328	-0.31029	-0.86155	-1.22	-0.6455	-0.28914	1.0004	-0.58806	1.5575	-1.3614	1.9001	0.17786	-2.1666	0.70689	-2.2253	0.3412	2.2512	0.3007	0.015569	1.1456	0.094616	0.35167	0.089971	0.92863	-1.546	0.60959	0.25765	-1.3285	-0.46042	-0.92489	-2.1869	-1.9868	-1.3552	0.28375	0.60726	1.8023	0.43033	0.070004	-1.9163	0.027717	-0.34781	1.2241	-0.73365	1.5796
0.39269	0.46439	-0.71503	-1.0158	-0.17603	0.021295	-1.4609	0.11045	-0.76866	0.42135	0.97626	-2.9556	-0.72562	-0.27107	-2.2516	-2.5941	-1.6935	0.8954	1.6186	-0.63789	-0.45155	0.17773	0.81447	0.87984	2.506	0.47279	-1.168	2.3186	-0.99786	-0.70499	0.90716	0.17554	0.068244	-0.093383	-1.2393	-1.386	-1.7764	0.85559	-0.99464	-1.2829	0.071033	0.064281	-0.97763	-0.043826	0.021411	0.91043	-1.0151	-0.65155	-1.175	-0.58781	1.2609	2.389	-1.3646	0.11325	-0.92439	1.1613	-0.39847	0.92836	-0.73563	-0.85599
2.8003	0.86035	0.56782	0.0066418	-0.59979	1.1752	1.1313	-1.7619	-1.1518	-0.36829	1.4841	1.569	1.3077	-0.57718	0.4771	-0.62152	-1.8751	0.30779	0.039045	-0.76171	-0.54991	-0.77944	0.52046	-1.0408	0.59186	-0.29161	-0.23618	-0.87678	-0.83682	-0.67295	-0.9197	-0.70642	-0.64205	-2.2278	-1.0303	-3.8458	-0.16656	-0.26363	-0.48407	-0.23233	1.4004	-0.21557	0.87561	0.84047	1.0964	-0.94162	-0.35315	-1.1265	-0.97688	2.1601	-1.6966	0.11589	0.46613	0.29558	0.1732	-0.27373	0.63005	-0.31673	0.24165	1.4169
0.95615	-0.59475	-0.27621	1.4166	-1.7844	0.31826	1.5468	0.011385	0.19878	0.96611	2.3077	1.8767	-0.56578	0.0056436	-0.68594	0.010842	-2.4391	-1.0063	0.5598	0.47803	-1.3309	0.51212	0.20078	1.045	0.19995	-0.94259	-0.89674	-1.2374	0.23859	0.84566	-0.42539	-0.3236	-0.54866	-2.4422	-1.019	-0.66117	0.08366	-0.60126	-1.455	-1.2321	1.1933	-0.095421	-0.2359	1.1628	1.2574	-1.023	-1.3269	-1.0927	1.3725	0.94849	-1.8701	-0.88849	0.41186	-0.35306	0.41369	-0.83102	1.1035	-0.49988	-0.94944	-1.9613
-1.9702	2.7566	-0.59724	1.4835	-0.52072	1.022	-0.59434	-0.71102	0.35457	0.15956	0.69437	-1.4783	0.55838	-0.6998	0.82463	0.66336	0.29681	-1.0572	-1.65	-0.60023	0.12419	-1.5368	0.51327	1.6126	-0.47038	-0.14515	-1.029	-0.058525	-0.8819	1.0338	0.77009	0.23303	-0.28218	2.1288	-2.6611	0.85664	1.1727	-0.45481	1.8186	-0.84627	-0.39218	1.8309	-0.42222	0.78698	-2.2176	0.22449	0.97608	0.08515	-0.3768	-0.11851	-0.53111	-1.1234	-2.4617	0.97623	-2.2953	0.39433	-1.811	0.50257	0.27513	0.16587
-0.58902	1.2564	0.84388	-1.2359	-0.52103	0.41519	-0.37915	1.0747	-1.2593	0.5245	0.72449	0.36769	0.24724	-1.3567	1.6639	-0.13998	-1.2662	-0.98969	-1.4457	-0.93484	0.61114	-0.33026	0.19053	0.80824	-0.6672	0.7573	-0.1858	-0.29645	0.33022	-0.17393	-0.57897	1.7002	0.048454	0.17072	-0.55447	-1.3184	1.4014	-1.1122	0.26188	-0.07179	1.1359	-0.21618	-0.78146	-0.60025	0.12901	-0.17903	-1.4834	0.99203	-0.38654	2.6158	-0.1083	-0.34728	0.17894	0.12898	0.64062	2.6269	-1.943	-1.0123	-0.68404	0.308
-0.58017	0.56242	-1.3904	1.1549	0.26492	0.32984	-1.23	-0.59542	0.1642	-0.76548	0.81568	-1.2298	-0.78865	0.46724	-0.89566	0.96976	-1.5138	-0.73266	2.0344	-0.84931	-0.46653	0.2778	0.35613	2.9286	1.3997	-0.507	0.66435	1.4214	-0.049257	-2.428	-0.30706	-1.2991	0.58473	0.038296	0.90085	-0.86616	1.301	-1.3095	1.6591	0.26835	0.93855	-1.1895	1.1055	-0.8383	-1.7956	1.517	0.15663	-0.39049	-0.08093	-0.79717	-1.0494	-1.8014	-2.0282	-0.1608	0.36097	-0.10497	0.13431	-0.45454	0.31267	0.81417
-1.1509	-1.2674	0.54362	-0.64422	-2.2143	0.24642	0.59808	0.70322	0.37073	-0.079308	0.12339	2.7762	0.046264	-0.35154	1.3918	1.1572	1.7081	0.96542	0.5586	1.3902	-0.1658	-0.29064	-0.80561	1.7342	2.3485	1.0173	-0.58959	-1.2031	-0.90177	0.057302	-1.2863	-1.551	-1.5076	0.74084	-2.3339	0.78659	0.71595	-1.3482	-0.65621	-1.1076	-0.34706	0.65881	-0.33716	-0.64819	0.81001	0.68794	-1.4354	1.3692	-0.33196	-1.2382	-0.63	0.43001	1.9279	-1.09	1.3921	-0.12403	-0.19196	1.1505	0.23871	0.96168
0.75652	-0.6448	0.55091	-0.1543	-1.2251	0.20444	-0.0074153	-0.5242	0.11823	-0.84748	1.9026	-2.3523	-1.5404	1.0513	-0.76744	-0.63954	-0.63805	0.89713	0.11865	0.49703	-1.86	-1.782	0.21871	-1.8805	1.9003	0.32031	1.3065	-1.7723	0.53215	0.49023	1.1451	-0.34802	-1.3681	-0.90924	-0.33306	-0.51739	-0.40557	0.44615	1.9121	-0.4176	-0.93917	1.944	2.6625	-0.93605	-2.1974	0.76858	-0.97546	-0.24926	-0.69113	-0.27629	-0.71118	0.83104	-1.0139	-0.89936	-0.73709	-1.046	2.8641	0.050205	-0.098581	-0.23012
-0.18186	1.2171	-1.3866	-0.76783	1.013	0.47009	-0.19306	1.3535	-0.099898	0.94912	-0.0031515	2.8611	0.82889	0.65164	-0.85586	-0.44038	0.38479	0.2891	-1.4266	0.27681	0.35364	-1.7664	-1.1512	1.4613	-0.54421	-1.1315	-0.36035	1.2484	0.42881	-2.2504	-0.55121	-1.5912	-0.61115	-1.854	0.62231	1.0747	0.89159	0.95355	1.2902	-1.2255	-0.093563	-1.7221	-2.3097	-0.58397	-0.88612	-0.36343	0.040005	0.75317	-0.21457	1.068	-0.53102	-2.3622	-1.2334	-3.0519	0.06888	0.083719	0.51141	-0.99467	-0.42482	-2.2709
2.7528	-0.78721	0.37492	-1.6031	-0.49255	0.95967	-1.2119	0.49875	-1.1812	0.64725	0.49359	0.71323	1.7941	-1.6068	0.53606	1.7807	0.31077	0.70806	-0.18574	0.88158	-1.7964	-1.1317	-1.0901	-1.1453	2.3934	1.7305	-0.61966	0.44178	-1.6537	-0.70597	-0.29231	0.30543	1.2039	-0.078911	0.68319	0.5377	-0.88423	1.354	1.3411	-0.89884	0.1459	-1.4595	-2.0553	1.4729	-0.043166	-2.1281	-0.59838	1.4735	0.82607	0.29419	-1.7662	-0.70049	-0.78144	1.1597	-0.48197	0.85117	1.6954	1.3373	0.62179	-1.2896
3.5894	-1.3216	-0.68623	-0.016345	0.74667	0.27344	-0.80307	-0.99467	-1.5018	-0.38123	-0.28794	0.96376	-0.38113	0.50337	-0.1405	-0.58665	-0.27689	1.6396	0.065049	1.0613	-0.38021	-0.70133	1.3932	0.61194	-0.60336	1.3758	-0.23637	-0.066369	-0.050407	-0.15513	0.28354	-1.4308	0.54909	-3.3645	0.89955	-2.0428	-0.45581	-0.098505	-0.035774	-0.3536	-0.38135	-0.3578	-1.0032	0.10759	-0.0041219	0.28598	0.067546	0.52718	-0.35369	0.06874	-1.0329	0.27248	0.50904	0.60536	0.49723	0.32695	0.19069	1.5474	-0.12695	-0.35968
0.4324	-0.40052	-1.3241	-0.5953	-0.5575	0.46938	0.53232	-0.20823	0.23294	-0.89096	-0.09814	-0.35488	0.69249	0.86393	-0.54894	-1.9301	0.060742	1.1689	1.1145	0.62719	0.99231	-0.93122	-1.2569	0.4592	-0.15412	-1.1858	0.70586	1.3802	0.26077	0.28013	0.12415	-0.70751	0.020443	0.74602	-1.0323	0.843	1.1462	0.023506	-0.22377	1.4766	0.46964	0.4282	-0.16588	-0.80186	-0.45861	0.42209	-0.9219	-0.010182	-0.82525	-1.4313	1.7201	0.95913	-0.29624	1.2363	-0.0067179	0.4722	0.42932	0.30213	0.013142	-0.010974
-1.1172	1.1784	-0.29806	-0.041782	-1.0734	0.031312	1.5002	-1.1125	0.72118	-1.4647	0.53605	2.1389	0.12408	-1.1551	1.7189	-1.05	-0.67297	0.43811	0.37506	-0.076741	0.25309	0.43742	-0.16887	0.2657	-0.3705	-0.52017	-0.51095	0.078948	-1.01	-0.69853	-0.1205	0.35763	-0.20455	0.28004	-0.91509	-1.2354	-0.3196	-0.87612	1.7116	0.58619	0.70699	1.1104	-0.034183	-0.44478	1.0682	-0.8769	-0.5835	0.63604	-0.04405	-0.4977	-1.33	-1.1774	-0.82893	-1.2791	1.0682	2.165	-0.58728	0.59861	1.7801	-0.015834
-0.58609	0.20995	0.20787	-0.8226	0.1137	-0.59269	-1.0972	0.11851	0.89909	0.59776	0.0017467	0.95215	1.0792	-0.1408	-0.3278	0.71165	-0.0083729	1.8687	-1.296	-1.4934	-1.0628	0.13878	-0.058095	-0.23808	0.93604	-0.15248	0.51617	1.6275	1.1581	-0.48768	2.2198	0.97198	0.23163	-0.91658	1.5532	0.038454	0.035217	-0.11945	0.3736	2.0059	1.4301	-0.11779	1.5504	-0.30899	-0.98323	-0.53378	-0.52951	-0.095972	0.17065	1.0685	-0.94673	0.75982	-0.064918	0.27281	2.0796	0.13595	0.50154	-0.69389	0.232	-0.78867
-0.26509	-0.70763	0.090403	-0.88093	0.85712	0.2638	-1.2828	-1.9594	-1.5048	-0.93375	-0.01112	0.53752	-1.21	-1.7928	-0.4983	-1.7092	-0.23967	-1.1564	0.4447	-0.63905	0.066404	-0.96495	1.735	0.08589	-0.2769	-1.3265	0.34016	-1.0945	-1.1677	-0.70734	-0.66524	-0.62213	1.6606	0.71518	1.2885	-2.6112	-0.20919	-0.21716	-0.25611	1.5405	-0.466	-0.84073	0.28653	-1.2117	1.6817	0.95817	2.382	0.58009	0.33968	1.3754	-0.0012099	-0.15517	-0.80765	-0.90912	0.09896	0.66192	0.97841	-0.65496	-0.47261	-0.88411
-1.9283	0.2924	-0.29845	1.336	-0.43119	0.874	-0.51167	0.45161	1.2305	-0.18564	0.21772	-4.9384	-0.47143	0.19991	0.11033	1.6622	0.34058	-0.0016443	0.5221	-1.2927	-0.46785	0.49658	-0.23293	-2.3938	0.72308	-1.3684	-1.2627	0.42563	-0.24298	-0.77938	-1.5796	-0.62231	-2.1873	0.84234	-0.56775	-0.81201	0.29306	2.4474	0.70875	0.8082	0.63429	1.2839	0.92399	-0.85073	-0.66771	2.0489	-0.67357	0.29724	-1.3507	-0.42974	0.73399	2.0999	-2.4275	0.78525	-1.7556	1.8037	-1.0127	-1.2403	0.26656	-1.2078
-1.6218	0.46867	0.2829	1.3412	0.3806	1.4354	0.79959	1.6286	0.12911	-2.0848	-0.64711	-0.94985	0.19022	-0.46754	0.53074	0.24466	1.9464	-1.2771	0.0074575	-0.36346	1.2668	0.53804	0.80682	-0.11147	0.91289	1.5246	-0.69237	-0.90247	0.070394	-0.68847	1.2309	-0.27456	-1.1036	0.4913	-1.1999	-1.0483	0.80935	-0.97612	0.78651	1.0823	-0.37792	-0.28527	0.6865	0.52794	0.0893	0.29175	-0.40162	-1.3657	-0.3725	-0.28257	0.84393	1.0221	-0.026234	-0.57135	-1.6256	0.090874	-0.21402	0.15087	-2.3554	0.62014
0.47974	-0.09078	-0.39692	0.59468	0.22019	-0.71651	0.011742	-0.955	-0.77834	1.5288	-1.8683	-1.8332	2.6502	0.094925	0.39623	1.3575	-1.9411	1.7606	1.0602	-1.0468	-0.27203	0.43687	-0.86579	-0.64002	-0.51928	-0.14848	-0.65086	0.59967	0.094094	1.3812	-0.75483	0.96752	0.53896	0.52178	0.031325	-0.20551	-1.4571	1.2951	-0.31093	0.70739	0.52045	-0.086677	0.33345	-0.60916	0.93772	-0.68394	1.0774	0.89129	1.0144	-0.17993	1.9116	0.40286	-0.62336	0.035345	-0.0091274	-0.41483	-0.058554	-0.25316	-0.2132	-2.1271
-0.36377	-1.7082	0.32226	0.73987	-0.69741	0.6917	0.42789	0.01239	1.7559	0.77168	-0.031125	1.0236	0.64984	1.6843	-1.3898	0.72904	0.20378	-0.90414	-1.6584	-0.89092	-0.095776	0.4085	0.67386	-0.31735	-0.23122	0.67517	0.83125	1.2022	-1.8981	-1.2075	0.28613	1.0513	-0.89575	-0.19807	-0.54879	0.025828	-0.36027	0.66514	-1.4586	1.8344	-1.2496	0.93081	1.0773	-0.083033	0.2994	-0.56357	0.89913	0.39028	0.48826	1.1203	-0.34479	0.94305	0.23625	0.43663	0.3357	0.51503	0.18114	0.58882	-0.4196	1.1983
-0.52151	0.36772	-1.1358	1.3806	0.84611	-0.29986	-0.88634	-0.37772	0.38201	0.42905	0.67513	-1.0733	0.041638	-0.16763	-0.61591	0.83676	0.36016	-0.33965	-0.39886	-0.028131	-0.69522	-0.89398	-0.070231	-0.39429	-0.29155	0.44734	1.7542	-0.81576	1.8713	0.13456	-0.67643	0.64947	0.39216	-0.40966	-0.0065969	-1.3001	-2.4285	0.17172	-0.95194	0.71018	0.37899	1.2278	0.85945	0.55631	-0.50374	2.4651	0.04422	0.19445	1.0497	-1.3166	3.304	-0.94511	1.1548	1.6049	-0.93921	-1.9715	-0.91386	0.16004	0.46476	0.3158
-0.72712	-0.058319	1.7899	0.42952	-0.21091	0.018799	0.95701	-0.31752	0.83674	-0.80309	-0.71093	-1.5484	-1.8163	1.429	1.2393	-0.6849	0.52728	1.3547	-0.85518	-0.97828	-0.41437	0.97628	0.28623	-0.16005	1.1014	-1.0965	-1.0486	0.018839	0.37282	0.31378	-0.94409	-0.40912	-0.25444	0.37345	-0.033478	0.40588	-0.5611	0.3774	1.2328	-0.086677	-0.66449	0.80367	-0.52275	1.4318	-1.1107	0.34312	-1.103	-0.7414	-0.54518	0.6282	-0.016974	0.3588	-0.55362	1.5887	-2.4024	0.56477	0.077795	-1.4579	0.028888	-0.073353
-0.042043	0.61654	0.014977	0.69067	1.7191	0.69548	-0.12087	-0.70777	1.8418	-0.38175	1.049	1.382	0.67598	0.3899	-0.56866	0.76934	-0.11495	0.019709	-0.032418	-0.45265	-1.1911	-0.41852	1.2377	2.0043	-0.039978	0.63314	0.43327	-1.6543	0.18818	-0.91185	-1.5916	-0.70118	1.6813	0.10185	-1.0851	0.72693	0.50239	-0.32014	0.56992	-0.47666	-1.0686	-1.4267	-0.3091	-0.78215	-0.31282	-0.15362	0.3505	-1.4057	0.66059	0.25867	0.29333	0.5064	-0.96631	0.28791	0.50727	1.3011	0.1884	-0.73877	-2.0463	-1.019
-1.8656	0.15469	-1.3467	-1.3989	0.14188	1.906	-0.86766	-1.5963	-2.3202	-0.88567	0.54115	-0.90255	0.021727	0.67809	1.4642	-1.9276	-0.43089	-0.7305	-0.67986	-2.5737	-1.306	1.2012	0.68702	0.091124	0.71342	-1.3725	-0.15595	-0.37259	0.74936	1.4814	-0.87395	1.0854	0.056387	1.7509	0.50896	-0.45509	2.3896	-1.9129	0.68461	1.4547	-1.858	0.04412	-0.0032137	-0.22252	0.23422	0.068528	0.086201	1.794	1.3276	1.5008	0.77627	-0.46206	0.14219	0.90564	0.80549	0.75788	-0.60123	-1.2914	-1.361	-0.54779
0.7826	1.5476	-0.094606	0.92339	-1.2251	1.3386	0.076963	1.243	0.63709	-0.6459	-0.97366	-3.5067	-0.11481	-0.14919	-0.39518	0.91461	-0.012175	0.68899	0.76094	0.27099	-0.88573	0.574	-0.42585	-1.45	0.97398	2.4461	-0.79887	0.016135	1.2323	-2.1316	-1.924	-0.24661	1.0477	3.1898	3.4122	0.81621	0.44203	-0.37353	-1.9795	0.48055	-0.26631	0.4306	1.9979	-0.24028	1.1408	1.2165	0.36356	-1.712	-0.087328	-0.23561	0.19137	1.2681	-0.43538	1.4317	-0.16451	1.1698	0.080642	0.54286	0.010722	0.98598
-0.92239	1.053	-1.2154	0.8844	-0.13849	0.30856	-0.34249	-0.12682	0.31648	0.86802	0.88554	0.26789	1.2544	0.37409	1.2201	1.8975	-1.1789	-1.128	1.2492	-0.15155	0.47717	1.565	-0.63864	-0.97264	0.090446	0.18841	0.52286	0.50468	-1.4254	-0.20341	-0.24065	-2.3429	-1.3151	1.0052	-1.3362	0.47889	-1.5244	0.060455	1.1138	0.98248	-0.50089	-0.88347	0.88184	-0.13977	-0.0034381	1.2942	1.7609	-0.97775	-0.422	0.15307	0.6032	1.2746	0.63564	-0.49579	1.0702	0.58151	-0.16203	0.59374	0.20172	1.8235
-0.38739	1.267	1.1863	-0.53306	0.6803	0.89845	1.6373	-1.2966	-0.80619	0.16088	-2.3662	-2.6201	-1.8083	0.69979	-0.63025	3.002	0.81152	0.81473	-0.1599	-0.3127	0.81478	1.18	1.4593	1.3753	1.0926	-0.024784	-0.026131	-0.87915	-0.13444	0.39256	-1.3912	-0.40839	-0.4076	0.19171	-0.42586	-0.22392	-1.2103	-1.2571	-1.197	0.61063	-0.012017	-1.4868	-0.72952	-0.76934	0.090452	0.65472	0.41677	-1.724	-1.3147	-2.0179	0.75483	-0.15318	0.097833	-1.0317	-0.58226	-2.1623	-0.90915	-0.078679	0.39815	0.33213
-2.7149	0.47256	0.79948	-0.79839	1.0161	-0.56235	-0.8478	0.187	0.65682	0.46235	0.29776	0.063152	-0.3105	0.68632	0.62226	-1.5602	-0.57908	0.94407	-0.36157	-0.61597	-0.25691	0.9283	-1.2564	0.78085	0.79997	0.5099	-0.65111	-1.129	0.91047	0.41019	0.12216	0.18091	0.40787	1.0523	0.50378	1.3578	0.77802	0.2897	2.5803	-0.11882	0.68484	-0.71465	1.5301	-0.9427	-0.62968	0.98741	-0.71023	-2.5688	-1.9693	-1.3691	0.53018	-0.51404	-0.31623	-1.0913	1.8942	-0.24181	-0.80657	0.25847	-1.5718	-0.5222
0.15287	2.0897	0.29873	0.31343	0.77858	1.0396	-0.53543	0.35691	-1.6948	0.4746	-1.1322	-0.21364	0.20611	-0.84558	1.2766	-0.51551	-0.63193	0.67818	1.3186	0.17745	-1.0526	1.0418	-0.75425	-2.0254	-0.99381	1.5417	2.0596	0.21559	0.092453	-1.7801	-1.7966	0.74998	-0.24971	-0.81914	-0.48319	-0.51191	-0.16296	-1.054	0.17055	0.32759	0.81031	-0.49693	1.5945	-0.33801	0.52046	-0.44233	1.6924	-0.48006	0.87443	-0.41078	0.99914	1.1451	-0.21393	-0.28037	-0.61612	-0.1908	-0.43256	-1.8803	-0.27138	0.29138
-1.1626	-0.64402	-0.60684	-0.039942	-0.81844	-1.2449	1.5432	-0.5574	0.54163	-1.1719	1.9764	-0.37128	1.1649	0.77127	-0.0083183	0.31478	-0.62207	0.11303	0.85583	-0.53551	-0.56985	-0.20484	0.76044	-0.98511	-1.051	-0.29089	-0.26484	0.69013	1.0774	-1.0665	-1.9046	-1.5708	-1.1983	-0.99541	-0.38442	-0.11496	1.9008	0.44287	0.26667	-1.3438	-0.033845	0.55792	0.65916	-0.58076	-1.1893	1.7588	-0.74003	-0.17106	0.6002	-0.068141	-0.67328	1.7294	-2.8807	0.5636	1.4119	-0.1339	-0.11311	-0.6175	2.4319	1.6223
-0.05156	-0.25417	-0.81862	1.5375	-1.6065	-0.86622	-0.43837	-1.0896	-1.2208	0.70743	-0.069864	-0.81083	-0.25662	-0.10698	-0.94887	-0.21128	-0.86031	0.80873	0.48925	-0.34719	0.33116	-0.85172	-0.61065	-0.62118	0.20705	0.053434	-2.028	-0.98029	-0.48799	-0.21526	-0.51345	0.65439	1.2959	1.0202	0.37378	1.0957	1.1957	0.54173	2.0086	-0.1502	0.21838	-0.34525	-0.52357	-1.094	-0.89399	-1.1535	-0.43071	-0.81216	1.3532	0.32155	-1.7284	1.3734	-0.7398	-1.3744	0.32601	1.2251	0.29169	0.40393	-0.79831	-0.14949
-0.15184	-0.23104	0.73319	-0.77298	-0.32231	-0.44752	0.41501	1.2591	1.7764	2.0916	-1.0046	-1.2437	1.9421	0.37536	-0.55279	1.4012	-1.5537	-0.46398	-0.93772	1.1189	1.9568	0.74188	1.4971	1.5635	0.6966	-0.5085	0.9079	0.33006	-1.12	-0.55852	1.4958	-1.1525	0.3238	-0.72296	0.52122	-0.94537	-1.218	0.18318	-0.84787	1.457	0.3139	-0.1624	-0.16414	-2.1836	-0.22185	2.3916	0.1008	-1.1959	0.022104	0.41219	-1.0071	0.8408	1.1128	0.54035	-0.61521	-1.0143	0.070128	-1.0109	-0.33206	-0.4165
-0.073061	0.46551	-0.42129	0.06963	-1.7138	1.0023	-0.99138	-0.28072	0.16987	0.8949	-0.80102	0.019494	-0.58776	-1.087	-0.036335	-0.17056	-0.040717	-1.0305	-0.51447	0.33315	0.69452	-0.27043	1.9901	-1.0164	-1.3406	1.6348	-0.92742	-0.18909	-0.99147	-1.1735	-0.77347	-0.16288	-0.44774	0.88568	-0.43716	1.2878	-0.8038	-1.5781	0.31329	1.3079	-0.23823	1.2432	-0.2355	-0.64044	-1.2435	1.0762	-1.3013	-0.33457	-0.7744	-0.76825	-0.28864	0.13841	0.24098	-0.84934	0.34572	0.51499	-0.14024	-0.22725	-1.2092	0.31034
2.5424	0.74914	-0.115	0.57649	0.1851	0.57288	0.12327	0.0095608	1.5898	0.12317	0.63842	2.1148	1.327	-0.15564	0.62848	0.065594	-0.48296	-0.10225	0.60433	-0.74714	1.5833	1.8838	-0.72904	-0.3469	0.46162	0.40288	1.385	-0.0714	1.5942	-0.835	0.080347	0.32349	-0.9669	-0.58371	0.38408	0.20679	-0.10097	2.4994	0.35594	0.15662	-1.3023	-0.75857	-1.4062	3.0278	0.6912	-0.24108	1.0105	0.51305	-1.2975	2.6297	-0.17783	-1.3283	0.30897	1.063	0.69028	0.1786	-0.33773	-1.525	-0.70941	-0.86662
0.1104	0.15562	-0.18219	0.73102	-0.34757	0.23442	-0.86773	-0.98254	-0.29357	0.82447	0.19413	0.52255	-0.71013	-0.68767	0.57284	0.44522	-1.326	-1.4999	1.016	-0.027516	-0.16045	0.37884	-0.10716	0.21284	0.46806	-1.6161	0.014738	-0.037764	0.40381	0.30525	-1.2431	0.13186	-0.99948	-0.38213	0.13378	0.92716	0.43672	0.29474	-1.451	0.055201	1.2653	-2.1973	0.37884	-2.3754	-0.21087	0.30554	-1.6135	0.83831	0.33458	1.0917	0.35416	-0.57784	0.45819	-0.15127	-1.7563	0.33836	0.33781	0.42433	0.11287	-0.11827
-4.1488	1.5484	-0.92438	-0.7204	0.83351	-0.56649	-0.99915	0.64127	-0.25395	-1.1217	1.6479	-1.8794	-0.77404	-1.3542	-0.32593	1.5532	0.62813	-1.0275	-0.20194	0.86107	1.5582	-0.12968	-0.81777	0.28851	-1.1314	0.88132	-0.94421	-0.62159	-1.9911	-0.95195	0.25795	1.1982	1.109	-0.56355	-1.4161	1.0536	1.0406	-0.83647	1.2248	-0.82052	-1.0052	0.13218	0.15244	0.098917	-1.9648	0.40505	-1.9465	-0.18739	-1.5612	-2.1768	-0.8132	1.0201	1.6588	-0.10509	0.34966	1.6131	1.2159	1.6139	-0.59994	1.0401
-0.37747	-1.4851	-0.35618	0.35452	1.8349	0.89769	0.2523	0.98403	-0.51456	-1.3107	-0.68732	-2.0602	0.98239	-0.13535	-1.19	-0.20731	-0.84562	-0.3143	1.4243	1.4915	-0.74405	-0.37438	0.42411	0.11412	-0.5111	1.0223	-1.4192	2.5467	-0.35796	0.40132	-0.70619	-1.0207	1.134	0.134	0.13452	0.22237	0.7923	1.6436	0.76042	0.91547	0.88113	1.2127	-0.82986	-0.58903	-1.9893	0.94043	1.5452	1.2775	0.40317	-1.4623	-0.21412	0.69995	-0.65428	1.3851	0.79311	-0.25112	-0.07176	1.0952	0.48928	-1.6802
-1.2534	-0.75222	-1.3259	-0.18148	0.13142	1.3938	0.70621	1.1628	-0.75369	0.32192	1.6357	-1.4738	0.67326	1.2736	-1.0398	0.48795	-0.90675	-0.4747	-0.66609	-0.50202	-0.30889	-0.8369	-0.62832	0.5009	1.6703	-1.5417	-0.27201	0.34165	0.48437	0.95268	0.13135	-1.7419	0.66776	1.2151	-0.86939	0.0033848	-0.2639	-0.48249	-0.61955	1.2199	-1.5823	-0.017281	1.6927	0.014074	-0.73191	-0.056365	0.018269	0.54259	0.34732	1.361	-0.63465	0.19207	-2.4003	0.77889	0.36142	0.081967	-1.6865	-2.0617	1.8209	-1.2491
1.4461	-0.17156	-0.078369	-0.61037	0.56888	-0.1572	-1.0685	-0.31252	-0.017123	-0.13233	0.44469	1.1363	-2.5142	-0.78849	-0.11402	0.47414	0.68492	0.53977	-0.38045	1.4431	-0.8093	-1.4712	0.42542	0.96419	0.97042	0.52231	0.87478	0.15807	1.5657	1.3528	0.092528	0.78252	1.11	1.1343	0.23691	0.88757	0.72548	1.3424	0.83617	-0.067727	0.95976	0.74247	-0.79606	-0.92679	0.99759	-0.13955	0.78967	0.33474	-0.56087	0.77194	0.64463	0.0048125	0.074756	-0.32593	0.059473	-1.3811	0.26506	1.0621	0.058548	-0.5646
1.0234	1.2091	0.45482	0.49357	0.22162	-0.57464	0.13227	1.1286	-0.056006	0.70627	-0.060551	1.3035	-0.61961	-1.1903	-2.4354	0.73201	0.34681	0.72809	0.57116	-1.7776	0.10338	1.9348	0.93067	-0.15083	-0.4682	-0.36529	0.25813	0.18536	-0.89457	-0.45442	-0.28302	1.0965	1.0178	0.04376	-0.99957	-0.021868	0.52313	0.06687	-1.5647	-0.80506	1.0995	-0.37846	0.068166	0.62778	1.0699	0.63975	0.75794	0.85927	0.69483	-0.81292	0.59655	0.71863	0.65964	-0.56687	-0.23803	-1.5646	0.029718	0.60718	0.96029	-0.12554
-0.74529	1.7204	1.7116	2.392	-0.93724	-1.2838	0.1626	0.38903	0.68499	-0.49182	-0.1988	-0.75088	-1.971	-0.82213	0.067323	-0.41563	0.8418	0.59351	0.29901	0.62033	2.0547	-0.2518	2.6636	1.8578	1.2647	-1.9688	-0.56492	-1.3172	0.20211	-1.0584	-0.43997	1.4779	-1.2283	-1.6582	-0.93793	-0.065498	0.87349	-0.071047	-0.16469	0.23655	-1.3388	0.50154	1.2405	-0.22448	0.98518	-0.1318	0.81967	-1.5451	-0.14349	0.37866	-0.8574	-1.287	-0.78159	-0.070523	1.1668	-1.0057	1.0442	-0.25932	-0.6192	-0.35101
3.2992	-0.616	1.5139	0.085554	-0.5026	0.70583	0.11969	-0.085695	0.48205	-0.47597	2.117	1.2581	0.80667	1.0169	-0.9334	1.4725	0.98496	-0.74669	0.31541	-0.91433	1.2304	-0.026587	0.90972	0.059257	0.26803	-0.49422	-0.45914	-0.18801	2.4256	0.87055	0.56176	0.54971	2.3983	-0.37696	1.4976	-1.4582	-0.85785	-0.20023	-0.28486	-0.39889	1.9376	0.35254	-0.70161	0.27393	-0.81003	0.27783	1.4298	0.53371	2.4203	0.91442	0.28256	-0.29453	1.0877	-1.0586	0.22203	-0.99523	-1.2313	-1.8377	1.5898	-2.0318
3.6375	0.76404	-2.1147	-0.090353	0.88482	-0.68838	0.79572	-1.0377	0.098199	1.5237	0.37423	3.2311	0.06553	-0.68031	0.51356	0.05369	2.1301	-0.8196	0.098988	-1.4617	1.627	0.66044	1.4171	-0.25323	0.45042	1.3014	-0.29332	0.56922	-1.4057	-0.29314	-0.11955	-0.70003	-1.577	-0.63224	1.1691	-0.30884	0.043314	0.049184	-0.65361	0.19414	2.1103	0.00096372	-1.7225	-0.87545	0.098676	0.075177	0.90378	0.71596	0.11543	0.19739	-0.35714	-0.057657	1.3258	-0.63105	1.9866	-0.1804	-0.016285	-0.97952	0.20061	-0.14748
-1.5751	0.55525	0.27	2.0615	0.51673	0.51782	-0.17641	-1.0924	-1.1863	0.33837	1.5338	0.093091	0.95323	-0.49014	0.31356	-0.2638	-0.79218	0.7441	-0.28056	-3.2169	1.9348	-0.29876	0.38298	-0.45439	0.15646	-0.26126	-0.061448	-0.4349	-1.1037	-0.45878	0.29417	-0.19478	1.5977	3.4937	-1.158	-0.46909	-0.65235	-1.3756	0.2845	0.12255	-0.012756	-1.0956	1.7394	0.74843	-1.1472	-0.069868	-0.65302	-0.28017	-0.61652	-0.69163	0.15778	-0.3261	0.021433	-0.37489	-0.12132	0.21407	-0.65414	1.3856	0.60513	-2.7554
-1.0235	0.64393	0.93573	-1.4265	1.7664	-0.039751	-1.5026	-0.42496	-0.64929	1.5705	-2.191	-1.6574	0.38685	0.74292	-1.6248	1.368	-1.4088	-0.88217	-0.34656	0.84284	0.55073	0.0050886	0.87732	-0.54354	1.5722	0.091946	-1.8416	-0.90407	-0.98565	-1.1298	0.66079	-1.2078	-0.00019848	0.13727	-1.035	0.37083	-0.44233	1.5881	-1.2523	0.35237	-0.87069	0.14507	-1.3696	0.47864	-0.15708	1.4672	0.25074	-1.1441	-1.6384	-0.9327	0.94034	-0.68648	-0.66519	-1.7697	-1.4038	0.47345	0.81647	1.3909	0.41989	0.36125
-1.5109	-1.9788	0.99452	0.53803	0.44552	0.65422	-0.43799	1.1227	0.95986	-0.28859	-0.61594	-0.58477	0.66918	1.1499	0.98945	-1.8929	0.2946	-3.0689	-1.5988	-0.84632	0.044202	-0.057685	-0.12262	1.0372	0.11724	0.88167	-0.076141	-0.91443	-1.1863	1.1998	-0.41596	0.48394	-0.0065125	-0.1417	0.074675	-0.45559	1.3046	0.89473	2.2008	0.55318	0.67186	1.0762	-0.71613	-0.4058	0.15933	-0.87932	-0.48657	-1.7075	-0.40929	0.079188	0.48459	0.83109	0.83243	-0.068743	0.81326	1.035	-0.15691	0.11078	0.90942	-0.066064
-1.1224	-0.50838	-0.64346	-1.0841	1.2329	-2.085	-0.092158	0.12963	0.20629	-0.21348	-1.527	-1.2613	-1.0278	0.68756	-0.39328	0.47566	-0.063453	-0.55905	-0.7354	-1.3866	-0.79917	-0.61122	-0.11022	0.41426	0.2301	0.85703	0.048209	1.0233	-0.18199	-0.29013	0.8152	0.32233	0.13837	-0.16718	-0.43968	-0.59164	0.092786	-0.090147	1.8775	-0.4214	-0.74394	0.54428	0.47019	-0.31508	-0.21467	-1.7271	0.99262	0.30252	-0.73629	-0.97565	-0.36993	-1.3608	-0.56801	1.51	-1.8827	-1.7452	-0.024095	-1.3482	-0.28721	-0.75127
0.66678	-0.43124	0.12185	0.42057	0.40485	0.48373	-0.29333	-2.4695	0.25221	-0.92917	0.53185	-1.943	1.024	-0.90126	-0.65582	0.39817	2.3453	-0.94529	1.7895	0.49044	-0.89294	0.76421	0.22182	-0.46994	-0.43711	-2.0514	-0.16079	0.53075	0.26452	-0.33194	1.0651	-0.3964	0.61585	-1.3264	-0.022764	0.11559	0.55162	0.20801	0.17526	1.6076	1.0248	-0.41176	0.39006	1.3854	-0.062435	0.25198	1.1996	0.7561	-1.1455	-0.49076	-0.63076	0.24188	0.40594	-0.80035	0.52999	-0.38425	-0.69743	-0.73442	-2.1297	-0.094252
-1.7793	-1.6792	-0.0049894	-0.5875	-0.39927	0.12421	0.16438	-0.35009	-0.28529	-0.39783	-0.25638	-2.1181	-1.3075	-1.1253	0.52786	0.0054423	0.89986	1.18	-0.7637	-1.0567	-1.8606	-0.21111	0.6913	1.4982	0.076073	-0.46479	0.22029	-0.82179	0.090596	-0.080848	-1.2385	-0.33643	0.46254	1.8746	0.095909	2.398	-0.24106	-0.26674	0.28113	0.19612	-1.6048	0.41646	0.21325	-0.90373	-0.89367	0.27096	-0.51875	0.78146	-0.91148	-0.54446	-1.1092	0.72085	-0.45638	-0.11532	-0.16573	-0.28667	-0.27147	-1.1293	0.8773	-0.92228
0.16649	0.11893	0.71844	0.73908	-1.3553	1.2905	0.57342	-0.94955	-0.98969	-0.40949	-0.53584	1.6311	1.0186	0.2113	1.0264	0.10982	1.3266	1.2186	-1.2688	0.83629	0.36797	-0.21976	0.84089	-0.45009	-0.56585	0.56647	-0.10594	0.095586	1.1473	-0.49555	0.24171	0.76768	-1.1653	0.06079	-0.12711	0.41465	0.21971	0.071406	-0.86331	0.72524	1.7609	0.26245	0.6107	0.28673	-0.1209	-0.088186	-1.285	1.8795	1.3405	-1.4176	-1.7269	0.16356	0.25264	-0.43988	-1.1894	0.1255	0.18054	0.63511	-1.4727	1.0203
-1.6396	0.060541	1.5133	1.3295	0.38821	1.0619	-1.1526	0.82407	0.91364	-1.0292	0.13901	4.1201	0.96179	1.2449	0.60705	-1.1578	-1.8989	-0.080191	-1.0158	-1.4445	-0.13863	0.43202	2.253	-0.45958	0.090487	2.6081	-1.0372	0.2531	-0.2666	1.3175	0.1117	1.2714	0.41178	1.1725	-2.091	-0.31372	-0.90618	-1.9279	1.3243	0.26834	0.30217	-1.2794	0.74713	2.1361	1.1647	-1.2637	-0.010484	0.95847	1.0979	2.0751	-2.028	0.49591	0.75694	-1.7455	-0.13248	0.85577	-0.33618	-0.27419	-0.3773	-1.0397
-1.0941	-0.11919	2.1694	-0.37663	0.79869	-0.94203	0.87311	0.896	0.71552	0.3716	-1.8252	-0.59472	0.60139	-1.8093	-0.41891	1.1975	0.033763	1.3563	-0.33833	1.2387	0.1598	0.67826	-1.4417	-1.4795	0.48835	-0.35871	-1.8252	-0.45307	-0.35555	-0.85477	-1.2468	0.22177	0.33563	-0.52583	1.0443	-0.2073	-1.7024	-0.25493	1.0891	-1.9632	1.6605	-0.06052	-0.58926	0.050793	-0.75441	1.1669	1.1113	0.20606	-0.155	-1.8547	-0.6128	0.17197	-2.149	-0.90465	-0.00097113	-1.2319	-0.77123	0.30126	0.18943	0.11857
3.7698	0.6706	-0.67953	0.048529	1.1605	1.8087	0.68462	-0.77804	0.68555	0.56833	0.52527	1.1653	-0.21787	0.096949	-0.59884	0.59438	-0.050686	1.3317	0.74564	0.22634	1.3315	0.86831	0.34005	-0.9106	1.3326	-0.12633	-0.3516	0.030143	1.0683	0.11857	-1.1366	-0.28085	-0.80621	-1.2251	-0.28862	-0.60938	-1.3036	0.073454	-1.5305	1.6163	-0.58213	-0.19516	-0.52184	-0.50758	0.64242	-1.5382	1.4476	1.2422	0.17589	-0.6926	-0.81573	-0.79235	0.64091	0.95372	1.0535	-0.44511	-1.883	-0.73589	0.35267	-1.0611
-0.0079751	1.4726	1.6255	0.17582	1.7698	0.56983	0.70894	0.55656	-0.49304	0.19602	0.51774	1.9322	-2.5714	-0.85399	1.3867	0.65193	0.21781	0.52259	1.1833	-0.94529	0.41103	-1.8809	0.13209	0.096166	1.26	-0.73474	0.54543	0.95581	-0.70671	0.31163	0.048762	-0.17382	-0.49826	-0.66029	-1.17	-0.46127	-0.92801	-0.048181	1.567	-0.55838	1.2655	0.24469	1.102	0.24706	0.20174	-0.44606	-0.92403	2.2634	-0.9413	0.36782	-0.85704	-0.41421	-0.94117	0.29353	0.4457	-0.22897	1.4218	0.67468	1.7188	1.3145
-0.84507	-0.25585	1.2472	-0.41713	-0.075175	-0.44897	0.41733	1.0753	-0.60893	-0.50186	0.95373	2.5103	0.95241	-1.3729	-0.068409	0.31451	0.072836	-0.52894	-1.7558	1.2069	1.0616	0.72328	-0.37779	-1.3145	0.58354	-0.86127	-0.23974	1.2497	0.96154	-0.32912	0.36623	-0.66281	-0.7842	0.015591	-1.5028	2.1047	0.7188	-0.97696	0.20579	0.5085	0.1116	-0.42772	0.57461	1.688	1.167	-0.15095	0.81563	0.20124	0.18271	-0.01951	-1.4225	-1.4808	0.64747	-2.2185	0.50713	-1.5132	-0.26839	-0.92027	0.14583	0.97315
-2.5946	-0.74864	-0.749	-0.4607	-0.19382	-0.92903	-0.25628	0.99326	0.14404	-0.49906	0.30543	0.025363	-1.7766	-0.17485	1.9867	0.057357	0.17478	1.5763	-1.2049	0.85306	-0.30732	0.24801	0.60266	-0.20771	-0.63601	0.64202	-0.12306	0.10869	0.59646	0.9013	-0.24823	-0.97326	0.42613	1.9667	-1.2826	1.1637	2.0742	-0.73169	0.98386	-0.46011	-1.2204	-0.43669	-0.86218	-0.53124	1.5176	0.52891	1.3331	-1.2741	-0.49311	1.7408	-1.3654	-1.3102	2.003	0.9782	0.24163	0.063658	1.1156	0.65007	0.75206	1.4362
1.9859	0.2396	-1.3493	1.3703	-1.0015	-2.4932	0.38022	0.14899	-0.58845	0.14918	1.3853	1.2229	-0.28751	0.1047	-1.659	-1.4889	-1.0692	-1.1443	2.2075	0.57093	0.98822	-0.2893	-0.73184	0.79707	0.40944	-0.42417	-1.7927	2.0884	2.0204	-1.0704	1.2478	-0.29473	-0.61935	-1.5405	0.049752	-0.34213	-1.94	0.61904	-2.0364	-0.071673	-0.54135	0.81923	-1.1451	0.21638	0.84002	-0.62374	-0.16229	-1.3288	-0.086691	1.4523	0.10834	-1.4681	1.2658	-0.44523	1.0492	0.15175	-2.32	-1.0664	1.5969	-0.19012
-0.94485	0.27247	0.57434	-0.72698	0.30599	-1.2674	-0.68335	-0.62559	0.18858	1.9166	0.59647	-1.8014	-1.6785	-0.78372	1.4939	0.52155	-1.0874	1.3327	-0.84568	-0.036572	-0.70178	-0.012914	-0.68554	-0.74234	-0.74257	2.0343	-2.0059	1.0231	-0.46327	0.55115	1.0344	-1.4668	0.74057	-0.015802	-1.2719	0.20999	0.14827	0.068038	0.64155	-0.18819	0.36451	0.66944	1.6422	1.053	-0.87748	0.10799	0.68687	1.6728	0.84461	-0.45945	0.66903	2.0643	-1.5794	0.20626	-1.2477	1.3971	-1.2504	-0.5212	0.060456	0.33019
-0.61312	-1.0163	-0.3312	-0.32577	-1.1851	-1.3382	0.20391	0.69458	0.53374	-0.00013663	-0.62646	-2.9111	-1.0092	-0.62125	-0.29753	0.24311	0.22073	0.81848	0.34045	-1.4011	0.77681	-1.084	-0.48276	-0.7493	0.61808	-1.7789	0.57518	-0.76473	-0.88944	-1.3675	-0.86962	-1.2722	-0.94877	1.2867	-0.39209	-0.95047	1.2913	0.40515	0.48972	-0.28046	0.11162	-0.2379	-0.36797	-1.1224	-1.0235	0.99869	0.34618	-2.4809	-1.235	-2.2269	1.903	2.3017	-1.4274	1.5621	-0.21934	0.35481	0.88905	0.72024	0.20601	-0.76012
2.2988	-1.0252	-0.10616	-0.36329	0.99012	1.1782	1.2877	1.4026	-1.4228	0.36053	0.0087903	-0.2663	0.18194	-0.31566	-1.2398	-0.8065	-0.96659	-0.9006	-0.13428	0.19687	-0.98418	-1.554	-1.0568	0.60531	0.86152	-1.4255	0.3479	-0.45616	-0.93592	0.27957	-1.3941	-1.3818	-0.3869	-2.9062	-0.22987	-1.9355	-2.3746	-0.30937	-0.54504	0.020223	2.4153	-0.4716	-1.1921	0.99001	0.82543	-1.1764	0.098558	-0.87986	-0.44783	-0.39793	2.1637	0.73775	-1.2576	-1.3866	-0.7903	0.33605	1.8658	-0.622	-0.18037	-1.5947
1.8548	0.58541	0.87505	0.72894	-2.091	1.1185	-0.069784	-0.61889	-0.46386	1.0848	1.9005	2.2705	1.8091	-0.54576	-1.5293	-0.39498	-1.0836	-1.1119	-0.37991	-1.5025	-0.90923	-0.11387	0.10907	-0.79517	-0.26887	-0.032803	-0.36175	0.69917	-0.90928	0.45296	1.5014	1.6691	-0.52492	0.031142	-0.50635	-0.0064215	-2.1439	-1.2543	-1.3878	-1.8941	1.0607	-0.47919	0.429	0.86839	1.2119	-1.5482	1.4269	0.5161	-0.087282	1.7161	0.16936	-0.76085	0.85239	-0.94604	-0.27243	0.20944	-0.27138	-0.38993	0.36217	-0.47702
-0.50502	1.6667	-2.2719	-0.76603	-1.27	2.0369	-0.25658	1.6377	0.17853	0.061727	-1.1775	-1.9196	-0.070851	-0.62323	2.0675	-1.1426	1.3913	0.42484	-0.34078	-1.0344	-0.74786	-0.67844	-1.3501	1.5247	-0.81449	-1.2172	0.016934	0.02007	-1.3834	-0.47451	0.24329	1.2867	-0.35106	1.0497	-1.7478	-0.27697	0.30045	-2.5466	0.35173	-0.43171	-1.4628	1.4896	0.61473	-1.0776	-0.72461	-1.0894	-1.4036	1.0612	1.5233	0.27046	-0.24963	0.8281	-1.0294	-0.22302	0.50261	1.9935	0.27561	0.98281	-0.69619	-0.26797
-0.52327	1.3264	-0.44757	0.023475	0.6044	-0.42998	-0.92808	-0.22063	-0.71745	-0.54361	0.87436	-0.35585	0.82124	-1.3621	-0.097424	-1.2432	-0.013219	-1.1741	0.32167	0.83026	-0.42721	0.16484	0.85748	0.65508	0.046492	-1.6558	-0.4487	-1.9911	-0.37508	0.8817	0.4737	2.4266	-0.1929	0.8398	-0.02491	-0.80348	0.16435	-0.70301	-0.79033	-0.62464	-0.31521	2.7627	-0.40791	-0.81257	-0.83763	0.11345	1.0332	-1.2801	-2.5441	-0.17619	1.0868	-2.3247	0.68052	1.34	0.084207	-1.9597	0.020023	0.56429	0.83192	0.70899
1.1326	1.1254	-1.1984	1.0345	-1.7571	0.053415	0.32688	1.0957	-0.97833	0.18191	1.3352	1.019	0.75557	-0.031743	-0.59536	1.0071	0.60564	1.0884	-0.45374	0.054718	1.0458	-1.0649	0.56607	0.47366	1.5526	1.9682	1.3092	-1.1254	-1.6365	-1.3418	0.72469	-0.52971	-1.0719	-0.47454	0.1849	-1.6517	-0.26311	-0.80229	-1.1206	0.91644	-0.24905	-0.98781	1.206	1.3219	0.72038	0.025383	-0.6219	-0.39344	1.0414	0.31959	-0.79983	1.8135	-0.33121	-0.92394	-0.23685	-2.3861	0.5232	1.0573	0.53696	-1.2017
-1.9216	0.87199	-0.63855	1.1542	-1.1342	0.53668	-0.96348	-0.53445	-0.67754	1.2523	0.80071	-0.32195	1.2876	-0.95794	-1.7154	0.43612	0.060673	0.068095	-0.92561	0.70795	0.4988	-1.3223	-0.04417	1.2088	-0.092549	2.0257	0.071908	-0.24647	-1.2817	0.02076	0.59738	1.8868	-0.81036	0.27569	-0.41323	0.82734	0.91886	0.99198	1.1947	-0.7729	2.1323	-0.23789	0.74161	1.1784	1.2955	-0.73811	-0.44215	-1.0935	-0.22031	-0.23696	-1.191	0.46029	0.33856	-0.1138	-0.52735	-0.33822	-2.2165	-1.1735	-0.91077	0.15156
0.34451	-0.41955	0.58405	0.25234	0.85368	-0.03961	0.094451	0.62095	0.030637	1.0699	-0.622	0.86407	-0.15005	0.43459	-0.83596	0.79827	-2.4072	-0.69243	2.1643	1.6554	0.06896	-1.009	-0.58308	-0.68382	0.56092	1.6452	-0.13551	-0.052942	-0.15903	1.2492	-0.2796	0.31557	-1.0032	0.64895	-1.1567	0.36885	-1.0249	3.2092	0.16291	-0.88261	-0.028971	1.1174	-0.1453	-1.3994	0.9786	-0.37055	-0.77011	1.5574	0.41401	-0.84626	1.4335	0.89241	-1.0955	0.011199	0.99969	-0.75943	0.40617	-0.12089	-0.21325	-1.037
2.0787	0.48086	-0.040482	0.20035	1.4204	-0.22953	-0.69031	0.40252	0.9057	-0.38413	-1.2835	-2.1063	-1.1322	1.5351	0.98975	-1.1704	-0.18841	0.31064	-0.66145	0.33039	-0.71696	-1.1122	-0.96001	0.61209	-0.43193	-0.38387	-0.037188	-0.97571	-0.53891	0.65584	0.99358	-0.030286	0.22979	-1.3002	0.049684	-0.93865	-0.0049967	0.28017	0.62222	-0.45952	0.22094	-0.67397	0.00061894	0.13694	-2.2434	-0.12524	-0.77452	2.0186	0.51691	-0.70147	-0.045048	0.31462	-0.29405	1.55	-0.6232	0.83927	-0.29735	1.155	-0.44526	-1.1094
