1.1108	-0.77306	0.83663	-1.1283	-1.4245	0.71744	-0.77791	0.31599	1.4065	0.40112	0.92966	-1.8848	0.66154	2.1385	0.54114	-1.5409	-0.20314	-0.49997	0.38302	0.11457	0.10704	-0.66359	-0.89794	-0.88462	0.93926	-1.9971	-0.076218	0.21519	-0.72659	0.06443	0.073702	-0.49456	0.29141	0.23594	0.10535	-0.20531	0.061445	-1.8461	-0.39833	-0.54355	-0.9119	0.6527	-0.73427	0.54063	0.97584	-0.15687	0.2778	0.63952	-0.080978	0.54087	-1.2626	1.1104	-0.98956	-1.8288	1.3845	-0.062727	0.44892	-0.36326	-1.0206	-3.073
0.95617	-0.28668	-0.19734	0.40561	-1.4193	-0.72945	1.1473	0.59786	-1.2813	-2.2033	-0.57125	0.44445	0.94238	0.093725	-1.1223	0.30616	-1.1723	-0.96097	-0.65374	-1.4854	-0.52787	-1.158	-0.54277	-0.71638	-0.61483	-0.30454	1.032	0.81969	0.26916	-1.5673	-1.8197	-1.9061	2.4036	0.8535	0.13549	-1.0936	-1.1464	0.54764	1.5651	-1.6933	-0.4494	-0.084292	-1.992	0.84125	-0.41466	1.9122	-0.3909	0.40918	-1.1424	-0.62486	-1.1687	0.39258	1.3018	-0.59364	0.43638	-0.50436	0.10211	1.1963	0.12028	-1.0368
-1.3086	-0.16987	-0.19167	-0.86582	0.18066	1.2665	-0.25117	-0.20457	-2.2015	-0.77451	-1.3933	-0.72915	0.52559	1.5233	1.7985	-0.11688	-0.3202	0.81752	0.49016	1.1157	1.1299	-1.1271	0.8922	0.25602	-0.46332	-0.98484	1.5754	-1.1113	-1.5403	0.33707	2.2947	-0.0358	0.60256	-0.74322	1.8735	0.32074	0.5301	-0.95207	0.85404	0.38915	-1.156	0.03974	-0.4506	0.10925	-0.25055	-0.1899	-1.0329	-0.32329	0.76653	1.7447	-1.1605	2.3774	1.5261	0.16851	-0.30121	-0.69865	0.83277	-0.69461	-0.46188	0.88362
0.66557	0.89675	0.50473	-0.4009	-0.51385	0.79637	-0.67119	1.1867	0.7907	0.28772	0.0032261	0.5899	3.5267	-0.11244	-1.5566	1.9151	0.60985	-0.64791	2.6173	0.37272	0.11538	-0.95748	-1.2439	-1.9452	-0.6035	-0.87073	0.46498	-0.13701	1.9524	1.4754	-0.014184	-0.28582	0.96926	-1.3043	0.51244	-0.82748	-0.40032	-0.6718	0.57563	-0.77809	-1.0636	0.55298	-0.42343	0.36159	-0.35189	0.26954	-2.5644	0.46586	1.8536	1.0393	0.9109	-0.23973	0.181	0.24425	0.096393	-0.83047	-0.35225	-0.17478	-0.48065	0.83684
3.8754	-1.3233	0.12834	-1.4424	1.3025	1.4099	-1.6625	1.9437	-1.0847	0.22682	1.0989	0.8689	2.2957	2.7526	0.13832	-1.9071	-0.36499	-0.84811	-0.76475	-2.1655	-0.96305	1.0607	-1.7578	-1.3098	0.4612	1.8736	-0.1887	1.7588	1.5988	-0.90341	-0.21303	0.084445	-1.5756	0.40234	-0.17007	-0.42039	0.29173	0.98769	0.39293	0.19455	0.27978	0.05122	-0.77447	0.78678	1.4089	-0.5341	1.9278	-0.17625	-0.24375	-0.8976	-0.79234	-0.95297	0.35391	1.597	0.52747	0.8542	1.3418	-2.4995	-0.16756	0.35302
1.0951	-1.3049	-1.0059	0.79068	-0.11657	0.55309	-0.96064	-1.6338	0.7612	1.1933	1.6321	-1.7922	-1.3369	-1.4738	-0.041663	-0.61551	1.3142	-1.4551	-1.7423	-0.087942	0.89871	-1.0984	-1.5601	-0.44018	-1.5608	-0.11445	0.94761	0.17152	-1.9733	-0.93564	-0.16922	2.2407	1.0331	0.42229	1.7993	-0.56357	-0.34827	1.4126	1.5024	0.73038	0.49075	-0.58613	0.7449	-0.82815	0.57452	0.28184	1.1393	-0.42587	0.63614	0.79318	-0.89838	0.15624	1.5973	0.11244	-0.30862	0.45666	-0.2751	0.44314	-0.13477	-0.018328
0.70351	1.3623	0.45187	1.6484	-2.0284	-0.44926	0.23599	-0.83517	-1.276	0.61704	0.6127	0.49783	0.39532	-0.87056	-0.49769	-0.10667	-0.68783	0.33188	2.3652	-0.67062	0.45843	-1.2243	1.1504	-1.156	0.034803	-0.44547	0.33792	0.18664	0.1332	2.8964	-0.79902	-0.03045	2.5088	-1.2798	0.41691	-1.2101	1.0306	0.32753	0.65212	-0.27886	0.24519	1.4725	-2.2751	-1.6333	0.41547	-0.65477	-0.29635	-1.4969	-0.90483	-0.40418	-0.7258	-0.86649	-0.42185	-0.94267	1.3419	-0.98843	1.8179	-0.37444	-1.4517	-0.61868
1.4267	1.0559	0.16023	0.2874	0.63291	-1.459	-0.58171	-1.8301	-0.4491	0.94927	0.71744	3.212	0.16673	-2.1565	1.6894	1.2823	-0.58263	0.22261	0.77945	0.00264	0.31303	-0.49779	-0.42243	-0.29085	-1.4395	2.1183	-0.6815	1.3157	-0.20401	-0.91045	-0.77324	-0.56398	0.5073	-0.25306	-0.33753	-2.3073	-0.96769	0.20205	-0.34788	1.2901	1.3412	-0.5808	0.87514	1.3954	0.32099	1.6234	1.0624	0.21411	0.8768	0.19441	-0.41489	0.35846	0.036223	-0.36463	1.771	0.22127	2.7304	-0.29617	0.5643	1.5826
4.1668	0.30356	-0.79026	0.80338	-1.3199	-0.27385	0.27187	1.4896	1.4371	-0.027561	0.92393	0.31333	0.66112	1.9153	0.15676	-0.30054	-0.50003	0.71647	1.3373	1.0098	-1.0655	-0.96159	-1.753	0.50528	-0.74999	0.14022	1.5537	1.5206	1.4169	-1.6431	-0.16047	1.0297	-1.7246	-0.3096	-0.49057	0.44374	-1.007	1.089	1.7849	-0.30375	-0.0086966	0.50664	1.2033	0.52202	0.39705	-0.48281	-0.2315	0.61339	1.6829	0.56839	-1.206	0.43306	-0.092121	-0.24405	-0.21919	-0.87977	-0.3208	-0.78442	-0.36496	0.11727
0.26617	-0.21566	-0.15261	0.033688	0.45828	1.2816	0.62009	-0.28667	0.59802	-0.24553	-1.7807	-2.9927	-1.7136	-0.23713	-0.61963	-0.72016	0.040657	-0.65898	-0.63052	0.53835	0.71082	2.3647	0.23084	-0.012375	-0.21078	-0.62694	0.36712	-2.0848	-0.61145	0.33712	-0.14421	0.99806	1.4081	1.8776	1.5949	-1.4564	-0.56438	0.90149	0.39468	0.0048544	0.43692	1.1301	0.15377	-0.75863	-0.18016	-0.20779	0.89675	0.41231	0.54752	0.14784	-0.36227	0.061141	0.21671	-1.3981	0.17887	0.92758	-0.11018	1.5724	0.56049	-0.42034
-0.23503	-0.2752	0.24112	0.75469	-0.29191	0.45845	1.7553	0.93149	0.82526	-0.81481	-0.5342	0.27292	-0.10065	-1.625	-1.5144	1.0262	-0.75813	2.0783	-2.222	0.5117	0.063775	-0.6928	0.46752	-0.73143	0.85863	0.077689	-1.648	-2.4287	-0.28488	1.2176	0.16989	-0.019949	0.67933	-1.4664	1.3508	-0.96712	0.037765	-0.36357	0.14956	-1.9445	1.5239	0.54581	2.0099	1.4167	0.011481	-0.93905	-1.7389	0.016971	0.21916	1.0458	-0.95098	0.7948	0.07143	-0.77369	0.77416	0.26565	-0.23511	1.8773	0.60924	-0.11027
0.42361	0.087046	0.17359	0.45359	-0.60352	-0.79702	0.36065	1.8851	-0.30682	-1.0127	-0.23855	-0.55257	-0.32734	0.47552	-0.13	-0.59435	-0.44377	-1.3225	-0.85952	-1.5264	-0.6298	-1.1994	-0.82105	-0.41416	-1.1902	-0.048348	0.3651	-0.96362	1.1078	-1.723	-0.36212	-1.3415	-0.32025	-1.1761	-0.42379	-0.59236	-1.185	-2.0649	0.56506	2.0001	2.2233	-0.49218	-0.046003	-0.46575	0.075947	-0.91877	-1.9195	-0.036443	-1.2251	-1.9024	2.3742	-0.23335	0.40388	1.1925	-1.6848	0.41315	0.50175	0.083064	0.1578	-0.52794
1.1039	-0.84994	-0.79638	0.72534	1.6865	-0.38639	-0.50508	0.40807	1.0724	0.96798	0.27015	-0.62822	0.62976	-0.079234	1.3769	-1.4082	0.14123	1.2897	-0.49494	-0.92045	-1.2302	-0.57667	-0.49734	-0.15646	-0.96611	0.13389	-0.66283	-0.26885	-0.74672	-0.53912	3.522	3.6538	1.0873	0.95529	-1.1064	-0.41594	-0.61941	0.5353	0.48299	0.10848	-0.34028	-0.92585	0.0053217	1.1391	0.42736	0.18103	0.65748	0.58425	-1.6165	0.018774	-0.42596	-2.034	-1.3286	-0.31989	0.82543	-0.22929	0.26225	-0.89798	-2.1573	0.093917
-1.4522	1.1726	1.7351	-0.3717	1.1929	0.95365	-1.415	-0.033356	0.26112	0.52299	0.67679	0.61904	0.6784	-0.31258	0.37924	-2.2529	-1.1684	1.202	-0.66074	0.71645	1.8983	-0.49696	-0.56883	-0.10701	0.5779	-0.30473	-0.86874	-1.7301	-0.51802	0.090881	-0.44032	-0.55348	-0.98553	0.38366	-2.3438	-0.021578	0.66903	-0.84883	-0.05709	0.29179	-0.61462	-0.013643	0.41211	-0.93715	0.83516	1.0945	0.32118	0.015113	-1.1645	0.49484	-1.2158	1.5908	0.52648	0.26482	-0.3936	-2.1763	-1.1957	0.36533	2.4124	0.74025
0.4729	-0.54199	0.12228	0.96228	-0.25397	1.8918	-1.2203	-0.37624	0.052429	-1.9539	0.56542	0.1835	0.080701	0.79471	1.0437	0.80218	-0.46882	-0.046592	0.35345	-1.3834	-1.1631	-0.5546	-0.049481	1.6653	0.70075	-0.34975	-0.72314	1.6328	2.8326	0.11334	-0.56914	-1.378	0.88078	0.24064	1.1152	-0.95797	0.24058	-0.65405	1.275	-0.55119	-0.087409	-0.34782	0.99396	0.42844	-1.0042	-0.63269	-1.0457	0.50571	0.33195	-1.6354	-1.9068	-0.040399	0.69719	0.1688	-1.5438	-1.5518	0.86708	-0.14537	-0.38624	1.3162
-1.216	0.13544	0.41781	0.81988	-0.85435	0.35732	2.7485	-1.513	0.43398	-0.22977	-0.82709	-1.2901	0.4979	2.3156	-0.79383	0.54096	-0.55906	1.9766	0.54466	0.18773	0.94659	0.32261	1.4341	0.13738	-0.76285	-0.11994	1.9273	-1.553	-0.60549	1.043	-1.5618	0.66425	1.1193	0.55855	-0.41757	0.33922	0.093187	0.93525	0.66352	-0.35023	1.6199	-0.050833	-0.8127	-0.43842	0.85861	0.19522	0.88886	0.069222	2.4868	-1.6656	-0.41593	-0.084225	0.089252	1.4561	0.21945	-0.11488	0.068602	0.75149	-0.68943	0.45081
-2.3894	-0.078796	-0.94179	-0.65286	0.28253	-1.1251	-0.98897	-1.5159	-2.2285	-0.15152	1.1627	-0.65379	-0.23395	-1.0467	1.5833	-0.24941	1.294	0.36198	-0.26305	1.722	1.6244	0.53345	1.9384	2.4159	0.38515	-0.68157	0.83829	-0.1147	0.343	0.05147	1.1291	0.83057	0.61206	0.32817	-1.0756	-0.99728	-1.4614	-1.2443	-0.1551	-1.6149	2.2461	0.73928	-2.0676	-1.1546	-0.10719	-1.7129	-0.45989	1.091	-0.16388	-0.06724	-1.0016	-0.55566	-1.3516	0.36421	-0.45221	0.78337	1.2372	1.0772	-0.034841	-0.50399
-1.8688	0.11851	0.95947	-0.34093	-0.17332	0.6163	0.86392	-1.4169	0.19995	0.19583	-0.15113	0.8289	-0.36419	-0.82619	0.27601	0.4598	-0.21751	0.79612	-1.518	-0.57448	-2.5701	1.0258	-0.48857	0.24322	1.181	-0.072584	-0.30499	-1.0467	-0.42623	1.0084	-1.3991	-0.44852	0.9189	-1.6424	0.44278	0.4607	-0.88214	-1.5045	0.43314	0.80826	0.57894	0.76285	-1.1821	0.58385	-0.58001	-0.56137	-1.5559	1.1002	0.17506	1.0036	1.511	-1.1372	0.64302	-0.01276	0.91426	1.1077	0.82047	-0.81761	-0.12649	0.26414
4.8223	1.2266	2.3206	0.4145	0.21183	0.61317	-0.52778	1.2416	-0.15763	-1.3736	0.87084	-1.1869	-1.8443	0.28841	-0.95091	-0.91073	-0.16195	-0.4889	-0.22278	-1.0193	-2.4642	-2.5258	-3.396	-1.671	0.092679	-0.23452	0.007105	1.1702	1.5964	0.060429	-1.1379	-0.024745	-0.4483	-0.34739	1.7772	1.6985	0.095136	-0.42713	0.51081	-0.65627	-0.12502	-0.53047	0.10559	1.1284	0.74248	1.1436	-0.91471	0.1798	-0.98335	0.38483	0.3257	1.2963	1.0992	0.65322	-0.50507	-0.47599	-2.0516	-0.4483	-1.5512	0.92983
1.377	0.13829	-0.37841	0.14306	1.605	1.3491	-0.44844	0.16841	-1.1205	0.40073	0.73906	1.4064	-1.5312	0.50462	-0.86421	-0.37655	0.78801	0.29821	-0.16374	0.23798	1.2645	-0.99515	-1.7203	-1.528	-1.343	-0.26483	0.17026	-1.689	0.63998	-0.82835	0.70222	-0.89098	-0.39906	-1.3138	-1.066	-0.63772	-0.2288	-0.52481	1.1283	0.55014	1.8551	-0.2773	1.0666	-2.0992	0.63848	0.37147	-0.37418	0.69535	0.87763	1.0336	0.41979	0.60107	-0.67402	-1.0952	-0.26762	0.18655	0.95094	-0.79052	-0.48948	2.9745
-0.95053	1.9203	0.96115	-0.5578	-0.10656	-0.21516	0.47349	1.3656	-1.6378	2.0237	0.77779	-0.8771	-0.12601	0.29958	0.29617	1.2008	1.0902	-0.3587	-0.12993	0.98828	0.37572	1.3929	-0.4312	0.72414	0.55091	1.126	-1.0792	-0.2615	-0.21298	-2.2959	1.5079	2.819	0.034277	0.52163	-0.22484	0.61979	-0.37983	-0.10178	1.6182	-0.84723	-0.57588	-0.075913	-0.13247	1.4393	2.0313	-0.9782	-0.64102	0.52048	-0.3807	1.9929	1.6359	0.55902	0.56364	-0.3384	0.76365	1.1274	0.14157	1.9281	0.67064	-0.11011
0.56636	1.0966	-0.39816	-0.085463	2.3733	-0.47392	0.94634	0.81816	1.589	0.52601	-2.4652	-1.0047	0.51174	0.25777	1.9624	1.4063	0.49683	0.082831	-1.5485	1.7115	-0.018144	-1.6989	0.281	-0.047472	-0.52074	0.41274	-0.63403	-1.3816	-1.7977	-0.57968	-0.54641	0.67324	-1.4297	0.060501	-1.2305	2.0795	-0.11697	1.2262	0.49494	0.90859	-1.1542	1.2576	1.4525	-2.0768	-0.17649	-0.65208	0.15653	-0.85023	0.27905	0.59709	0.24472	-0.11835	-1.2894	0.057564	-0.52093	-1.279	-0.056227	-0.20968	0.1921	0.99233
0.87978	1.3058	-0.72931	-0.86457	-0.094921	1.3832	1.3037	-0.12581	-0.59687	-1.5206	0.67184	0.18357	-1.1778	-0.33458	-1.8295	0.42999	-0.17399	1.6312	-1.3594	0.73491	-0.092738	-0.15485	0.48012	0.95982	-1.2293	1.4668	-1.361	-0.90947	-0.50909	0.61635	-1.2136	0.42393	0.26057	0.10502	0.50439	-1.2221	1.0076	0.11352	0.73005	-0.98351	0.052032	0.8776	1.0141	-0.084348	-1.8535	-1.0968	0.21863	0.79425	0.46312	-0.61263	2.2444	0.072348	0.86551	-0.4157	-1.1149	0.68525	1.0377	1.8222	-0.52899	-1.628
2.4692	0.26414	-1.1271	-0.55918	-0.80885	1.161	0.59211	0.24275	0.24048	-0.8215	0.99311	0.88071	-0.26113	-0.18471	-0.10173	-0.88704	0.74138	1.3922	2.4739	-0.15731	-1.4859	-0.46546	-1.6709	-1.269	-1.1525	-0.36106	-0.10113	-0.60782	1.1744	0.50332	0.57806	0.1728	0.13881	1.5675	-0.18776	-0.41433	1.7725	-2.5088	-0.45659	2.4304	-0.47145	-0.56033	-1.2265	0.79295	-2.1099	-0.7994	0.56698	-0.0014429	0.62392	0.12644	0.68087	-1.2874	0.21808	-1.5666	0.78328	-0.31057	0.65532	-0.53747	0.32864	1.0541
-3.0225	-1.8674	-1.8324	0.84859	0.40519	-0.70246	1.499	0.13779	-1.5868	-1.0191	-1.3852	0.70737	-0.60112	-1.1719	-0.57711	-0.83643	0.85297	0.47733	0.30232	1.2252	0.85506	-0.13308	1.3543	-0.018355	-0.7087	-1.373	1.1849	0.58172	-2.1433	0.42964	0.53903	-1.1262	1.0778	0.065229	-0.3462	-0.74732	0.67702	0.8493	0.46931	-0.23978	0.92099	-0.90688	0.14444	1.3964	-0.1897	-0.84384	1.9434	-0.24692	0.44162	-0.80361	0.28761	0.46702	0.0045616	0.32609	1.2046	-1.4041	0.20556	-1.9912	0.028409	1.9305
1.4369	-0.0069245	-0.33824	0.52827	1.0569	0.014741	1.6148	-0.81585	-1.9978	-0.74819	-0.1993	-0.23116	-0.84737	1.3372	-1.6163	-0.49182	-0.9693	-0.47411	-0.66616	0.093595	-1.4271	-1.2085	-0.2852	0.70235	-2.0414	1.9583	-1.0443	0.85064	1.2462	1.0614	-0.67005	0.25309	-0.32895	-0.54383	0.3349	0.4207	-0.35232	0.13236	2.6736	-0.0075661	0.7103	-0.46254	-0.52788	-0.34579	0.56456	-0.80154	-1.8529	0.053216	-0.43642	0.28001	0.084606	0.72912	0.90075	-1.3256	-1.5246	0.50243	0.30639	-0.93916	1.2374	0.033012
0.18866	0.27394	0.75417	1.5245	-0.26198	-1.7307	1.0135	-0.92774	1.2437	-0.58949	1.4915	-1.0106	-1.1126	0.95694	-1.3631	0.68058	0.43782	-0.14327	-0.34153	2.0073	-0.42522	-0.24112	-0.98946	-0.86357	-0.47591	1.5771	-0.26321	-0.78526	-0.55217	0.55908	-1.1846	0.8105	-1.2045	0.13945	-1.5506	0.80723	0.69286	-0.68755	0.31758	0.16284	1.1591	0.12839	1.0395	-0.11677	-0.6483	-0.037981	-0.19932	0.88167	-0.056144	-0.84124	-0.15484	1.1886	-0.41491	-0.65862	0.98399	0.10123	-0.36271	-0.73883	-1.4798	0.15337
-0.484	0.31892	-1.4565	1.3218	0.4872	-1.5666	1.0571	-0.58758	0.30222	0.21946	-0.8782	-3.7897	0.53556	-0.34204	-0.59786	0.41891	-0.68968	0.67119	0.1509	-0.86171	0.96687	0.60514	1.3823	-0.76407	-0.31056	-0.34461	1.3108	0.27907	-0.57177	-0.62493	1.3006	2.4925	1.5274	1.0982	0.46144	1.5172	-0.4841	0.23845	0.77825	0.92427	0.58814	1.3779	1.8512	-1.8977	-1.7787	-0.92264	-1.9979	-0.3571	-0.3364	0.25043	0.28616	-0.68617	-0.81331	0.7934	-0.38195	-1.3712	0.010307	0.20413	-0.41103	0.66356
0.34471	-0.21284	-0.044035	0.45818	-0.44142	-1.0549	-0.15558	0.12915	0.50943	-0.030124	-0.45736	0.83248	-0.11353	0.80702	-0.089803	-0.0062921	-0.091861	-0.92124	-0.92695	-1.0535	1.6922	-0.29323	0.84773	0.2576	1.6947	1.1039	-1.4017	-0.1682	1.0564	0.33496	2.0917	-0.13191	-1.7265	0.22142	-1.1394	-0.17406	1.078	0.30818	0.29964	-0.19722	-0.14642	-0.10307	-2.799	0.39328	0.99025	-1.2976	-1.522	0.62101	-1.5075	-1.6794	0.78898	-0.65428	1.2449	-1.2923	-0.61435	0.2417	0.54935	0.46763	0.19146	-0.2298
-0.88431	0.48048	-0.38683	0.42162	1.0877	-2.2493	1.8045	-0.63206	1.3165	1.5516	-1.4689	0.07432	3.4663	-0.21463	0.48628	0.33089	1.2679	1.0905	-0.94645	-0.20169	0.58082	0.18027	2.7727	0.67352	0.56168	-0.94586	-1.1951	0.66082	-0.32731	0.80182	-0.72703	0.76579	-1.7007	1.5468	0.82618	0.090202	-1.1611	-0.39754	0.25429	1.2078	-1.0335	1.2951	2.7681	-0.49535	0.46877	-0.6573	-1.717	1.4705	0.69414	-0.5107	0.11339	-0.22981	-1.4617	-2.8823	-0.047468	-0.46247	-0.57665	-0.84597	-1.8172	-0.52173
0.24647	-1.0618	0.45049	-0.2728	-0.10145	-1.4291	-0.76441	0.41014	-0.78993	0.16164	1.9779	1.0729	1.0374	2.3603	1.1754	0.39774	1.9512	-0.90466	-0.68215	1.9523	0.38812	-0.10863	0.3919	-0.32961	-0.47412	-0.18571	-0.75155	-0.77065	0.12118	-0.48231	1.2441	0.10074	0.82402	-0.42679	-0.37483	0.97021	1.4685	0.032941	1.6925	0.47573	0.36853	2.192	1.5357	0.90726	0.40226	-0.53838	-0.11522	1.822	-2.0215	-0.63698	-0.1888	0.14828	-1.7839	0.52907	0.72973	-0.94013	-0.25929	-1.2135	1.6245	0.37351
-0.38305	-0.92546	0.09866	1.6843	0.27526	0.35329	-1.2004	0.16613	0.77616	-1.3814	1.1283	3.1252	-1.5579	-2.0666	-0.072599	0.75911	-0.081664	-0.15847	0.006498	-0.96203	-1.541	1.6849	0.3956	-1.0859	0.71243	-0.86076	-0.54322	1.0675	-0.48756	0.09828	-0.40204	1.4121	0.038649	-1.2352	-1.0797	-1.1193	1.3067	-0.28438	-0.79171	0.24062	-0.094646	0.79323	0.95944	1.0871	0.64717	0.63255	1.9033	-1.16	-0.34731	-1.6951	0.91939	0.021531	-0.29934	-1.721	0.18343	-0.25973	-1.3548	-1.1574	-0.76199	-0.2503
-2.5172	-0.18199	0.61569	-0.37667	-0.69804	0.30412	1.1011	-0.44661	-0.46671	-1.4358	-0.97772	0.34393	-0.11365	0.76456	0.6699	0.37578	0.76665	1.5235	0.57682	1.1001	0.6334	-0.56286	0.17186	0.99443	-0.77586	0.18093	0.6225	-0.26304	-0.051209	0.47473	0.25485	-0.39999	1.2305	-0.18242	-2.7352	-0.57848	0.19597	0.95972	1.3803	-0.94146	0.76087	0.23792	-0.20837	0.024739	-0.028091	0.14036	0.23759	-0.67155	-1.045	0.96577	-0.21976	1.4145	-0.92419	-0.59414	1.4213	1.4076	-1.029	0.20651	1.3411	1.3327
-1.9617	1.6184	0.66164	0.22735	-0.22558	-0.96599	0.095018	-0.25673	2.3101	0.19006	-0.1734	-0.36153	-0.61274	2.0718	0.63702	0.074894	1.1233	-0.033128	-0.097748	-0.031296	-0.088429	2.134	1.2959	0.60796	2.0508	-0.29863	0.61944	-1.7811	0.11711	-1.1736	-0.67542	0.74297	0.68138	-0.77558	-0.2993	0.35349	0.22003	-1.7114	-1.2058	-1.7729	-0.072492	-1.7211	0.70188	-1.0055	-1.1064	1.7906	2.1624	-0.81928	-0.03705	1.963	-0.54027	1.7175	0.81981	0.055521	-0.35313	1.6931	0.71105	-0.63276	0.39273	-0.87796
0.2274	1.5319	0.53185	-0.75967	0.34798	-0.6978	2.0193	-1.7937	-0.65951	0.77145	-0.82034	0.062964	0.65454	1.2577	-0.92708	-0.16988	-0.47167	-0.11423	0.36949	-0.67951	0.73902	0.36532	-0.53347	0.21555	0.94123	1.0338	0.62683	-0.020513	-0.57579	0.19497	-0.50565	-0.31145	0.88335	1.4302	0.57862	2.0364	-1.5293	0.022688	0.095285	1.6145	0.50127	-0.32384	0.55422	0.64244	0.18263	-2.0275	1.0231	-3.4915	0.10949	-1.5513	-0.35511	1.3986	-0.51347	1.9172	0.77841	-0.24646	-0.90353	-0.4959	0.37449	-2.3705
0.93904	0.27946	0.81887	2.0475	-0.32374	-0.98054	1.1796	0.89458	-0.14293	-0.59347	0.24892	-1.2985	0.066095	-0.63792	-0.81931	0.96795	0.030349	1.3511	-1.0864	-0.011201	-1.2985	0.36527	1.0526	0.77408	-2.0827	0.60597	0.074709	0.32427	-0.57078	-1.9636	0.96993	-0.17805	-0.26458	0.51566	2.8917	2.6422	-1.3187	-0.47413	0.98738	-2.073	1.244	-0.31524	1.3993	-0.87988	-0.92247	2.3144	0.58801	-0.30977	-1.033	1.1034	0.34211	-2.264	-0.90329	2.97	-0.011766	-1.9995	-0.88802	-0.4199	0.69458	-0.16275
0.15508	-0.017858	-0.96033	1.1728	-0.36527	-0.46341	0.19499	-0.066947	-0.52153	0.1271	2.113	0.728	-0.65509	-0.86953	-0.2389	-1.576	1.8258	0.20427	-1.1634	0.079081	-1.4852	0.54049	-0.22316	0.00082019	0.24009	0.98852	-0.94212	-1.3516	0.017015	-0.75826	0.2924	-1.9478	0.72637	0.11167	-1.3106	-0.51269	0.83786	2.4265	-0.35109	1.382	-0.86066	0.20689	-0.2075	0.34026	-0.49811	-1.4214	-0.27077	0.43966	-0.50614	-0.18435	0.402	0.53923	-0.73359	-0.26837	0.8706	0.33076	-1.3479	1.5479	-0.61664	-0.69857
-2.1735	-0.10963	-0.10271	-0.32272	-0.83959	-1.6606	3.0125	1.5008	-0.35899	-0.11488	0.3589	-0.39614	-0.57036	0.93403	-1.1383	1.9572	-1.7632	-0.32333	0.87259	0.69995	-0.91909	1.5085	0.74762	-0.2374	0.78695	0.3998	2.5487	-0.4934	-0.69045	-0.20099	-1.581	0.292	-1.6893	-0.16388	-0.16674	0.9515	-2.7712	0.91807	-0.51925	-1.293	-0.0087181	0.23335	-0.4242	-1.4694	1.2064	0.19734	-0.70688	1.2164	0.36717	-1.2675	0.62105	-1.7955	-1.0578	0.15154	0.41126	0.070498	-1.933	0.81872	1.2618	1.1673
-0.87075	-0.3939	-1.0174	0.25021	0.25212	-0.77148	0.91955	0.85216	0.65713	-0.75346	-1.3385	0.6921	1.4472	-1.2901	-2.2082	1.4361	-0.061672	1.1778	0.98551	-0.9854	-0.19793	-0.59993	0.4138	1.3976	0.094741	-2.1098	1.2519	-0.05168	-0.50564	-1.8765	0.38133	0.020191	0.35578	-1.2632	-0.91936	-1.1021	1.7876	-0.8204	-0.19671	-0.89014	0.91075	-0.012265	0.072814	0.93942	0.67524	0.78597	-2.1327	0.21993	0.96629	0.34999	0.90182	2.1212	1.2486	-1.1232	-0.83009	-0.12178	-0.64259	-0.07895	1.2281	-0.53137
-0.43681	-0.22761	0.67452	1.0368	-0.14946	-0.31708	0.93359	0.72328	0.48818	3.2662	0.031701	0.36543	-0.083531	0.61642	-0.525	1.0077	1.8291	0.085288	-0.068325	-0.44649	-0.35621	-1.5856	0.063725	-0.76533	1.2729	0.15379	0.060496	1.3736	-1.7964	0.44562	-1.057	-0.75909	0.2643	0.79395	-0.93652	0.45504	1.4584	-0.85508	-0.99212	-0.011699	0.62691	0.0014992	-0.81633	0.11515	0.20707	-0.44456	-1.1205	0.43536	0.017089	-0.36299	-0.63124	-0.50032	-0.86719	-1.0401	1.2654	-0.24146	-1.729	-0.48824	1.0604	-0.53815
2.7135	-0.77952	-0.75297	-1.0331	1.1638	-0.58011	0.4173	-1.6481	-0.57268	0.65923	-1.2804	0.53986	0.5484	1.7784	0.64109	0.9467	-0.35425	-0.57882	0.056473	-1.62	0.39301	0.043446	0.23291	0.54007	-0.5925	-0.12517	0.063951	1.6565	1.3591	0.57186	1.0672	0.57464	0.74138	-0.15624	0.64192	-1.5485	1.5421	-1.7749	0.20566	-0.34621	-1.159	0.33583	0.33224	1.4112	0.13686	0.57763	0.24309	1.4677	1.1306	0.010653	0.12433	1.7794	-0.23947	0.85799	-0.87835	-0.76195	0.86278	0.64831	1.0581	-0.63319
1.5542	0.17193	-0.047474	1.6891	1.437	-2.2511	0.35649	-0.85024	-0.29955	-0.63425	1.6245	1.879	0.55528	0.70342	0.45816	0.68398	0.25129	-0.1785	0.50773	-0.7261	-0.81195	-0.68922	-0.50601	-0.40477	2.0425	-0.71899	-1.5748	0.73015	0.44399	-0.75052	-0.16645	0.6674	-1.6569	-0.91044	-1.8015	-0.42088	0.1638	0.68257	-1.0864	0.29749	-0.14331	1.392	0.30675	-0.53718	-0.22893	-0.53622	1.439	-0.5111	-1.6068	-0.20124	1.1435	0.66329	0.16408	1.7854	-0.58771	0.25904	-0.87183	-0.78792	-0.34434	0.64762
3.1361	0.79894	-1.0711	-0.20516	-0.55444	-0.29294	1.1802	0.3774	0.99157	0.60345	-0.79289	1.7542	-1.3504	0.79979	0.59964	1.1004	-1.4197	-0.20364	0.017913	-0.73947	0.033744	-0.14574	-0.19119	-0.65442	0.96348	0.37395	-0.60423	0.14691	0.66678	0.43312	-1.9089	0.33692	-1.4411	0.3192	-2.4449	-2.4265	1.6243	-0.14942	-1.9683	-1.6861	-0.086922	0.30739	0.33755	1.067	0.33294	-0.073484	1.0478	2.0589	0.026693	-0.24052	1.0385	-0.50723	-1.4831	-0.10649	0.24526	0.14579	-1.1181	-0.59694	-0.67949	0.95505
-0.1997	0.6494	0.59852	-0.1925	-1.9808	0.36294	0.70395	-0.7526	-0.016917	-0.44166	1.7013	-0.074535	0.20392	-1.0478	-0.73537	-1.3566	0.72859	0.60719	-0.82829	2.9411	0.97279	0.45969	1.9699	-2.4026	-0.050706	-0.063384	0.2392	-1.0798	0.48791	-2.1939	0.14508	0.4238	-0.00166	0.38425	-0.74332	0.56953	-0.37464	-1.6592	-0.31023	-0.61994	-1.0246	0.505	0.040473	-0.25473	-0.54774	1.6766	1.173	-0.18906	0.086573	1.5126	1.7933	1.1026	-0.32585	-0.58281	0.75159	-0.86373	-1.0709	-0.35524	0.95588	0.15928
0.37396	1.1247	0.23463	-1.1386	0.84209	0.47634	-0.08839	-0.41304	-0.54458	-0.024007	-0.80051	-0.59774	-1.4867	-0.51864	-0.69323	0.57765	1.455	1.0355	1.0468	0.57607	0.44612	0.64906	-0.83039	0.73388	-1.1747	0.576	-0.79387	-0.9845	-0.47349	-1.4371	0.059125	1.2543	-0.21117	0.65558	0.32544	1.3723	-0.15832	0.29297	2.4677	1.1462	-0.93384	1.1198	-0.92423	0.009907	0.28937	0.87	-0.39726	0.53786	1.7697	-1.9055	-1.0767	1.1949	-0.29395	-0.038178	0.92393	2.2231	-1.3019	-0.90899	-0.0775	0.00051045
0.16314	-0.31246	1.2196	-0.90956	0.20398	0.98975	0.3752	-0.62213	0.12055	-0.3174	-0.59968	1.7806	-0.19767	-0.578	-0.75597	0.1212	-1.4958	-1.6462	0.1929	-1.3335	-0.44368	0.73137	0.87829	1.5012	-1.2745	1.1571	0.031805	1.5001	0.4817	1.0084	0.84348	-0.66839	-0.7541	-1.8053	-0.57426	-0.1226	-0.74314	0.072031	-0.3564	-0.43169	0.77933	0.81632	1.1483	-1.085	-0.13612	0.65509	-1.2935	1.9267	0.23325	-0.54502	1.0328	0.37714	0.10926	-0.68019	-1.7654	-0.96357	-0.64563	0.45253	0.6145	-0.7853
1.2644	0.66742	-0.1255	-0.95123	0.89204	-0.12972	-1.0135	0.25229	0.52359	-1.4616	1.8664	-2.5613	-1.6352	1.224	0.32517	-0.42891	0.011596	0.73132	-0.86802	0.58956	0.35759	-0.38641	-0.14875	-0.96459	-0.70293	-0.61778	1.2409	-0.35423	-0.59071	-1.5005	-0.90424	0.59228	1.2514	1.9166	1.2603	0.3786	-0.3676	0.36563	0.93744	0.97424	-2.1189	-0.046465	-0.96678	-0.47125	1.7352	-0.77753	-1.6838	0.17703	-0.12448	-0.41555	0.87946	0.56613	0.37592	-0.27695	0.3501	-0.29131	0.18608	0.5766	0.33966	-0.67283
-0.81988	-1.0402	0.99728	-0.026054	-0.657	0.67775	-0.51083	0.446	1.5166	0.93776	-0.16016	-0.29091	1.9371	-0.1708	0.30117	0.32599	0.92484	0.21529	0.36625	0.54171	2.9093	1.0974	-0.65605	-0.99969	-1.4512	1.6835	-0.66001	0.82381	0.36562	-1.4296	2.1752	0.4879	1.9793	0.42045	0.25908	-0.94122	0.037599	0.13712	-1.5211	-0.018918	0.16325	-0.72115	0.4106	-1.2126	-0.57374	0.10539	-0.6051	0.42179	-0.36281	-0.87412	0.93159	0.60004	0.57136	0.68511	1.0094	0.99087	0.033691	-0.45027	-0.11066	1.2379
-1.8288	-0.56439	1.0433	0.846	-0.49554	-0.20682	-0.1558	-0.2754	-2.4432	-0.42732	0.30906	2.8542	-1.4626	-0.63554	-0.38547	-0.94228	-0.67377	-1.9242	-0.11242	-0.028769	1.0264	0.55101	1.5575	2.1065	0.014294	-1.0396	0.066133	1.4582	-0.0068836	1.0365	-1.1667	0.81754	0.22747	-1.1856	-2.4543	-1.4539	-1.0272	-0.49256	0.34681	0.82935	0.15563	0.083714	0.37462	2.6532	0.33271	0.14077	1.5778	0.089548	-0.67298	0.93189	-0.35789	0.2021	0.87625	0.80795	-1.6033	-2.3621	-0.7017	1.6519	0.23507	-0.15175
-0.238	1.0382	0.33048	0.47581	-2.0905	-0.17403	0.019188	-0.86003	-0.022949	-0.60232	0.8699	-0.78076	1.3047	-0.042644	0.89553	2.2849	0.066827	1.4946	-1.0725	1.8871	-1.1445	-0.001155	-0.26284	-1.0859	-1.1666	0.4921	-1.2372	-1.4761	0.98786	-0.056013	0.53126	-0.8111	-0.044945	0.51577	0.38088	1.9977	-0.62408	-0.14996	0.83222	0.94809	-1.9737	-0.39188	-0.67671	-0.016021	0.51517	0.44483	1.1409	0.44768	0.31544	0.94559	0.42866	-1.3246	0.10982	-1.6547	1.1107	-2.1079	-0.54984	0.094261	-0.03822	1.8829
0.084674	-0.61389	0.58702	-1.2067	0.54533	0.25093	-0.39275	-0.62204	-1.1905	-1.8785	-0.42401	1.0212	-0.71393	1.5846	-0.88831	2.1408	-0.69218	0.099297	1.435	1.2107	-0.78039	0.71572	-1.1371	-1.7284	0.51054	-1.5585	-2.3051	0.080529	1.5343	1.3301	-1.6636	-0.11111	0.63606	0.70071	1.2816	1.3121	0.8563	-1.4245	0.039702	-1.3799	1.2331	1.7421	-2.0015	0.8355	-0.34282	-0.47796	-0.8891	1.2634	0.3832	-0.11887	0.41725	1.0132	-0.86952	-0.79468	0.6885	1.5857	1.2502	-0.1156	-1.3318	-2.3428
-1.4146	1.1296	-0.54913	0.28373	0.21278	-2.2028	1.2511	2.0247	-0.038897	0.99858	-0.75733	0.52429	2.1232	1.3117	-0.69994	-1.0196	0.053115	-0.23702	-0.062736	1.6499	0.60122	2.0458	0.33739	0.24249	0.93712	0.31659	-0.091689	-1.751	-1.2707	0.91109	0.64804	-1.7395	0.2389	0.38912	-1.3186	-1.139	1.194	-1.7537	0.44653	0.97806	-1.7913	-0.13019	-1.1752	0.089962	-0.42217	-1.6509	0.61797	0.59616	-0.61844	0.52788	-1.3443	-1.2348	-1.1534	-0.10933	-0.52419	1.9113	-0.071106	0.56184	0.57407	0.37173
0.29267	1.2441	-1.1642	1.6353	0.68633	-1.1495	1.1102	1.1826	1.7073	-0.42032	1.6394	0.39237	-1.4635	-0.77617	0.92949	1.793	-1.1832	-0.11118	-0.65677	1.8014	-0.97471	1.2525	-0.70326	0.69895	-1.4216	1.6013	-2.3035	0.41846	0.51924	-0.81978	-1.0653	0.5872	-1.1368	-0.13318	-2.927	-2.1864	-0.044753	1.118	-1.6495	0.67867	0.49432	-0.58847	-0.023925	2.1913	-1.4006	0.4801	0.20755	0.32208	-0.0058805	0.28139	-0.25134	-1.6935	-0.58402	0.23444	0.25879	0.60366	2.221	-1.6541	0.68041	0.13583
-0.057997	-0.69314	-0.12753	0.68036	0.42621	-1.6057	0.90621	0.24951	1.8942	-1.1124	-0.72204	-2.2789	0.0036123	0.99514	-0.47897	-0.5191	-0.29466	-0.16055	1.0235	0.031426	-0.46707	0.65033	-1.3488	0.61403	0.10975	1.7753	-0.29431	0.131	-0.19301	-1.3525	1.2345	-1.8776	-1.5922	-0.70005	1.9286	1.5958	-1.2514	-0.17975	-0.74341	0.23324	2.1013	-0.87667	1.9488	-0.46527	-0.65192	0.60963	0.70912	0.2798	-1.4675	-0.69132	-0.86799	-0.51251	-0.78209	0.42579	1.0115	-0.25067	0.55424	0.75888	0.13384	-0.27256
-0.82845	-1.1631	-0.27352	0.1595	-0.18671	0.2179	0.046238	0.67032	-0.6305	-0.11841	0.24206	-0.63197	0.28044	-1.7745	0.45858	0.46182	-0.0011875	-0.35294	-0.43299	-1.4829	1.3183	0.85937	-0.86444	-1.2572	-0.17428	0.46982	1.0446	0.3225	0.55331	1.8113	-1.4983	0.45731	0.15784	-0.57984	0.88952	0.16415	1.2001	-1.034	-0.84757	0.43342	-0.88752	0.12123	-0.4019	1.0967	0.43667	-0.407	-0.63869	-0.40488	2.3939	-0.049623	-0.20258	-0.19753	1.5163	-1.7322	1.1125	-0.71928	-0.27337	0.6774	-0.93645	0.42572
-0.11381	-1.3988	0.19231	0.58039	0.63786	-0.56598	-0.016138	0.62232	0.53344	-0.38934	-1.2717	0.33305	0.31747	1.4984	-1.5538	-0.35429	0.43423	-0.10148	2.0288	-0.33674	-2.3332	0.76058	-1.3684	1.3451	0.37616	-0.30752	-1.0148	1.8804	0.33563	-0.42954	-0.73132	-0.24775	1.2217	1.8217	-0.063849	0.33772	0.32336	-1.649	0.14034	-0.49804	-0.42777	-0.15087	-2.8908	-0.73454	0.75622	0.12079	-0.51591	-0.34086	-1.08	-0.69739	-0.583	-0.18613	0.58796	-0.021041	-0.079761	-0.83551	0.97862	0.23548	0.56605	0.21929
1.2332	1.5125	-0.43163	0.54256	0.6793	-0.0087669	1.9119	-0.97862	-0.48613	0.077898	0.026201	-0.072621	-0.47971	0.82459	-0.060403	-0.80676	1.7128	0.91216	1.4888	-0.35698	1.5845	0.58685	-2.1397	-1.5928	0.40631	0.039518	-0.30529	1.2645	1.8876	0.18217	-0.023102	2.4276	-0.17272	-0.43113	-0.5752	-0.71617	0.081695	-0.86086	-1.8584	-1.2849	0.4362	1.0913	1.2026	2.3129	-1.084	1.3645	0.08168	-0.46778	-0.42638	0.88962	0.64975	-1.8062	1.0247	0.82523	-0.23633	-0.98127	-0.76959	-1.2361	-0.050215	-0.38866
-0.47626	0.22136	-0.29732	-1.6972	-0.59871	-0.52335	-1.7158	0.88568	-2.1666	0.42213	-0.29481	-0.555	0.64766	-0.30353	-0.22684	-0.87158	1.1258	0.99162	0.68644	0.65879	0.8544	0.8228	0.52215	0.75812	-0.56196	-0.12192	0.70137	-0.87124	-0.14805	-0.1787	1.3894	0.49546	1.2455	0.77112	1.1609	0.054504	0.11515	-0.62816	0.38757	3.0743	0.097586	-0.045595	0.85826	-1.5636	1.1282	-0.84757	0.56751	0.2766	-0.067025	-0.71728	0.41731	1.1246	0.68264	1.3961	-1.3886	0.019262	-1.3504	0.11464	0.54163	-0.76767
1.9585	-0.47486	0.62343	-0.3477	-0.75832	-0.73717	-1.451	1.5208	-2.4472	-1.29	-1.9846	-1.3961	-2.7918	0.60219	0.040443	-1.0309	-1.301	-1.318	-0.27846	-2.5466	-0.11949	-0.61844	-0.86886	0.13204	0.2369	-0.29758	-0.031012	0.008872	-0.50106	0.62138	1.1607	0.55331	-1.0898	-0.79957	0.63263	0.11018	-0.81319	0.13202	-1.1847	0.34042	-1.5921	-2.4538	-0.20812	-0.98193	1.5311	1.3727	-0.61212	-0.96674	-0.2164	-0.31608	1.3853	-0.3483	1.2055	1.2372	2.5197	-0.37945	-0.47527	1.6757	-0.73837	-1.8155
0.13241	0.50026	-0.36298	-0.35069	-1.3629	1.7228	0.20137	-0.54769	0.40181	0.8344	-1.0483	0.31485	-0.48237	1.6507	0.15893	-1.1247	-0.11106	0.44905	2.1006	0.0041089	0.536	1.165	0.47317	-0.90493	-0.22363	-0.59067	0.64037	1.6008	0.040686	1.0721	-0.76266	0.1278	-0.24282	1.546	0.2079	0.68319	-0.34119	-0.6334	0.3947	-0.81844	-1.3617	-0.30212	1.5992	-0.39232	0.22083	-0.59372	-2.0504	0.00042709	1.6937	-0.33153	-1.1501	-0.99067	0.36419	-0.42033	0.98362	-0.27577	-2.0855	-0.43947	0.71192	1.0265
1.9618	1.0007	1.0734	1.894	1.5344	0.17559	-0.47612	-0.27975	0.70263	1.2082	-0.24756	2.302	-0.72495	-0.46533	-0.38695	-0.66195	0.8699	-0.18709	1.8515	-0.53147	1.3392	-2.9594	-0.16564	-0.23756	1.3269	0.88731	1.1548	2.4951	-0.0052417	-1.225	0.24612	-0.91221	-0.7817	-1.1869	-0.52847	-0.021594	0.7122	0.13564	-0.94691	-0.84693	0.2923	-2.1843	-1.1744	-1.5658	-0.32795	0.48522	2.3648	-0.004127	-1.0676	-0.45355	0.45822	1.0218	-0.45907	-0.0046098	1.1859	0.22374	0.080392	-0.33107	-0.38463	1.058
-0.81171	-0.04727	-1.0338	0.60375	0.24918	0.44154	-0.026926	-0.7421	-0.085315	-1.2841	-0.3386	2.8453	1.6723	0.86778	0.43806	0.82656	0.3895	0.93175	1.2058	-0.80389	0.0271	0.19193	-0.33688	-0.77859	1.0114	1.0026	-1.2297	-0.82989	0.67549	-0.20607	-1.5306	-0.80136	-1.1625	0.088581	1.5288	-2.4648	0.8375	0.42243	-0.84256	0.96166	-0.88837	-1.8822	-1.1233	0.57816	0.41031	1.0027	0.49077	1.2604	-2.0048	-0.30451	-0.3632	-0.057884	1.0672	-0.67642	0.25245	-1.9107	-0.91536	0.94014	-1.7435	1.4148
-0.7391	0.52777	-1.1763	0.75481	-0.0014105	1.2541	-0.54674	-0.73536	-0.75608	1.9747	-0.32971	-2.2127	0.94857	0.024952	-0.35587	0.51682	0.88748	-0.63718	0.1109	-0.11273	-0.37952	0.67501	0.92009	-1.1738	1.5208	-0.29716	0.2037	-1.9827	-0.66707	-0.22263	0.54186	-0.18944	1.3655	2.1599	1.8485	0.36351	0.3356	0.40672	-0.6218	-0.011487	-0.58972	0.068756	1.61	-0.18703	-0.73076	1.3774	0.87307	-0.5254	-0.737	1.4109	0.03137	0.18525	0.34928	-0.62906	1.0889	2.3531	-2.4878	0.19797	0.94536	-0.79584
0.137	0.17059	-0.59975	0.70657	1.2149	0.22323	0.36966	-0.5465	1.1185	-0.090271	0.44066	1.5451	-0.29724	-0.19418	0.090557	-0.22332	-1.2689	0.4824	-1.4415	-0.34114	-1.4452	1.2645	0.048554	0.44256	-0.49207	1.8469	-0.658	1.3658	1.3793	-0.35719	0.17317	-0.096732	1.8614	-1.4075	-2.0069	-0.10396	-0.96961	-0.58915	0.33143	-1.2981	1.0717	0.42141	1.4224	-0.31185	0.91303	-1.1189	0.24083	1.1234	-0.64821	0.087371	1.6347	-0.78451	-1.1104	0.93361	-0.023487	-1.1007	-0.89371	0.34627	0.24488	-0.35158
0.34972	0.56443	-0.73097	-0.31976	-0.72566	1.3399	-1.2787	1.6141	-0.56977	-0.0020315	0.95754	1.0165	-0.34139	0.88858	-1.1797	1.3815	1.1604	0.018513	0.40389	0.88586	-0.4217	0.45102	0.59317	0.27907	-1.6107	-0.1294	-2.1797	-0.20029	-0.59996	-0.027372	0.17483	0.71788	-0.34646	-0.23174	0.73541	1.0238	0.21759	0.86126	-0.7299	1.5856	-0.66277	-0.76753	0.53812	-0.065333	-1.5865	1.0775	0.69521	1.6476	0.29484	0.70498	-1.1515	1.8595	2.3715	-0.38132	-0.69478	1.0001	-1.1353	0.15361	-0.13482	0.82663
-3.0059	0.12344	0.26192	-1.7711	-0.15884	0.62918	-1.2758	-0.30004	0.19685	-0.52258	1.5732	0.47015	-0.57876	0.33162	1.1288	0.24822	0.55692	0.64314	0.73915	-0.51779	0.13084	0.45841	-0.78923	-0.60351	0.75034	0.025186	1.2737	-0.060552	-1.18	0.53005	-0.39502	0.39067	-1.1604	0.7337	0.36958	0.64687	-0.57862	0.19713	-0.041034	-1.5108	0.48478	0.4426	-0.74311	1.24	-1.7651	-0.41099	-0.39083	-0.71372	-0.66394	0.48305	-0.8738	0.06888	-0.42512	-0.12836	1.9323	-0.54186	0.88552	0.037869	0.03148	-1.9026
1.5585	0.15452	-0.43402	0.037427	-0.10901	1.832	-1.1068	-0.56153	0.26281	1.8542	0.25734	1.7115	0.75262	0.71895	1.2875	2.2912	0.14759	-0.29002	0.18721	-0.72052	-2.7301	-0.53658	-0.25118	-0.78023	-0.68425	1.7149	-0.39566	0.43406	-0.18824	-0.59897	-0.56907	0.069108	-0.089756	1.1775	0.88871	-1.6567	1.7566	-0.9855	2.5712	0.19929	-0.43873	-2.0213	-0.39798	1.5421	-0.41266	-0.45082	-1.313	-1.1739	-0.57869	0.36003	-2.0623	0.66735	-0.48111	0.80433	-0.0043457	-0.44269	0.50276	0.50515	2.0251	-1.3012
-1.0718	-1.2234	-0.57012	-0.50539	-0.44143	-0.46893	-0.51039	-0.23713	0.42824	1.1137	-0.36496	2.1786	0.87276	1.2197	-0.9802	-1.8282	0.32694	0.34433	-1.7003	-1.1989	0.64004	1.3257	1.6445	-0.63359	0.47335	0.80958	-0.21327	-0.95388	-0.98559	1.1832	-1.8775	-0.7794	-0.039619	0.51026	-0.95469	-1.9774	0.34804	-0.71966	1.7775	-0.86794	0.171	2.0424	1.0541	-0.016916	0.47917	2.4027	1.4006	-1.3284	0.18471	1.0649	-1.5348	0.28867	-0.068164	0.28837	-0.80508	-1.827	-1.0724	1.8749	-0.12973	-0.95153
2.241	0.91899	-0.86259	1.075	1.1104	-0.77376	0.53989	-0.37074	1.2508	-1.2621	-0.40853	1.455	-0.079534	0.57639	1.7375	-0.42636	-1.0958	1.5623	-0.4374	-0.28184	-1.1841	-2.1737	-1.5499	0.71702	-0.9515	0.38085	-0.23465	1.7189	0.69952	-0.44262	-1.3706	0.65562	-2.6236	-1.5642	0.33858	0.056238	-1.2768	0.53702	0.46947	-1.1843	-0.071777	1.6021	-0.49352	-1.3475	0.15876	-0.56015	-0.35871	0.41016	-0.054833	-0.38144	-1.0317	-0.82025	-1.0235	-0.60516	1.7605	0.14765	-0.54935	-0.12786	0.24533	0.27607
0.4866	1.0905	-0.34388	0.35512	-0.61862	-1.859	-0.57194	1.418	-0.35459	1.0219	0.60182	-0.68816	1.9134	0.87343	0.90258	-0.90963	-0.64707	0.64644	1.1998	-0.15669	1.5812	-0.25913	0.58722	-0.12587	1.113	-0.36873	0.0051398	-1.5154	0.28812	-0.07413	0.57042	0.51108	-0.63322	0.8481	2.7983	-0.45671	0.93229	-0.57777	-0.90843	-1.1228	0.57537	0.033244	0.8737	-0.19001	-1.1754	-0.19835	-0.073768	0.6124	-1.2104	-1.8431	0.45884	-0.77655	-0.49077	0.55038	0.018332	0.16492	1.1843	1.0659	0.0035925	-0.53167
-1.8226	0.31576	2.3131	1.0471	0.22496	-1.0979	-1.2259	-0.53002	-3.7422	0.41739	1.2435	-0.17583	-0.32708	1.3529	-0.42774	-0.57937	0.92597	0.0055104	-0.63449	1.3464	0.0089214	1.9816	-0.13935	-0.10987	-0.32841	0.081859	1.5868	0.049998	0.4605	1.5294	0.13767	0.73181	0.15796	2.147	0.30835	-0.49827	0.10043	-0.7329	-1.5242	0.34978	0.23286	0.654	-0.84495	-0.80512	-0.49075	-1.0057	2.6914	0.37153	-0.65313	0.42432	1.2295	0.6776	0.91665	0.48075	-1.5071	-0.75989	1.0598	-0.19808	0.2592	0.55492
-1.5594	0.19011	-0.43479	-1.4742	0.39323	-0.84408	-0.50283	-1.3392	-0.60296	0.43953	1.5715	-1.7381	0.34532	0.52339	1.044	1.2599	-1.1059	0.061373	1.2307	0.96271	1.819	1.6374	2.7631	-2.2058	0.13927	-0.82157	-0.94126	-0.98866	0.94545	0.097898	1.433	1.6978	0.19227	0.055273	-0.84199	0.18933	-0.71469	-0.21929	-0.22558	-0.72836	-1.1447	-0.37769	0.014626	-0.89567	0.35224	-0.14413	-0.26066	0.91173	2.3062	0.84764	0.64269	0.00472	0.12979	0.58143	-0.55298	-1.4926	0.42911	-0.70187	0.39372	-0.83054
-1.9136	-1.4034	0.2811	1.9545	0.20044	0.4905	0.14381	0.2301	2.3655	-0.78127	-0.15889	-1.2073	0.71405	0.25519	-0.32726	0.74211	-1.0057	0.11942	0.20044	2.0863	1.0528	0.54955	-0.82722	-0.96264	1.0439	-1.1481	0.21003	-1.328	-0.28093	0.38945	2.1817	1.7502	1.5134	1.4069	-0.83965	1.5999	-0.94157	-1.5995	3.1663	0.31867	-0.66294	0.0079259	0.069009	-2.07	-0.71555	0.52932	0.03554	-1.6629	-0.49149	-0.15007	0.081332	-1.6788	0.25534	1.5291	-1.5927	0.43879	1.3437	0.38035	0.58906	-0.47504
-0.28274	-1.1447	-0.12151	-0.55262	-0.65803	1.4473	-0.11706	0.62993	0.37531	-1.0149	-1.8899	-1.9059	0.27594	-0.30121	0.7595	-0.37995	-1.3223	0.096332	1.101	0.34113	-0.10999	-0.34462	1.3441	0.9894	-0.12962	-1.6826	-0.58429	0.050857	-1.3896	-0.57623	0.2085	-0.39953	-0.29565	0.28347	-0.029833	-0.83058	0.73659	-0.91955	1.035	-0.34341	-0.30788	1.2956	0.26109	-0.40227	-0.82696	-0.51722	0.39991	0.84713	0.048011	-0.49292	0.33544	0.67121	-0.42166	1.4431	-0.36428	0.89829	0.96834	0.056627	-0.084666	0.87201
-2.7537	0.03374	0.069139	0.36559	-0.88486	-1.4102	-2.6384	0.5451	1.078	-0.44433	2.3793	-1.3119	-1.3113	-0.14569	0.10579	0.68235	0.12104	-0.76362	-1.523	0.15072	-0.62388	1.4668	0.63676	-1.1216	0.96044	-1.5005	1.935	-0.55479	-0.38004	-0.5024	1.0862	-0.099007	0.80166	0.03063	1.002	-2.087	0.16568	1.0482	-0.19067	0.57813	-0.5955	0.17275	-0.58398	1.145	0.46994	1.3759	-0.04176	-0.059309	0.3133	1.4484	-2.3901	-1.6766	1.2668	1.8935	-0.20477	1.3538	2.1702	0.1897	-0.45553	-0.47719
-0.39104	0.79867	-0.17065	2.0373	-0.33968	-0.71586	0.54452	0.23531	0.46253	-2.0939	-0.15	-2.4425	0.18534	0.76499	1.1796	0.75297	0.48408	0.77544	-0.056661	0.066216	1.1255	1.1928	-0.36569	-1.6934	-1.9065	-2.0573	-0.5741	0.080496	-1.1611	-0.32324	0.79726	-1.0565	-0.42482	-0.096079	-0.1341	0.2165	0.78718	-0.50747	0.69431	0.34033	0.19186	0.97503	2.1402	1.4673	-1.584	0.52991	-1.2468	-2.0108	-1.2107	-2.1819	-1.1313	1.3543	-0.47649	2.6807	0.39082	1.004	-0.14599	-0.27958	-0.78337	0.16082
-2.2641	-0.85007	-1.0692	0.16834	1.5159	2.1575	-1.7557	0.34675	-0.6541	-1.0815	0.10338	-1.0073	0.051119	0.76851	-0.93548	-0.15271	-1.7004	-0.38325	0.98885	-1.1394	0.99916	-0.74093	0.82773	0.15104	0.20091	-2.068	-0.44122	-0.6832	-0.4198	0.0518	-0.18917	1.1826	0.27609	-0.50648	-0.4833	0.19482	0.929	-0.42457	0.87157	0.22652	-0.56333	-0.81722	0.17734	-0.10333	-0.90499	-0.79434	0.53913	0.52166	-0.3114	0.82613	-0.34994	-0.1155	1.2348	-0.53992	-2.043	-1.2889	0.29085	-0.21579	2.7513	-1.4151
-0.37232	0.040251	-1.3738	1.0792	0.74393	1.5429	0.68752	-3.5502	-0.96705	0.31179	-0.81507	0.30174	-0.066238	-0.5475	0.068056	0.51297	1.1431	-0.89395	-0.57177	-0.62094	0.94793	1.6731	1.1558	1.4399	0.26506	-0.80498	0.68597	1.7039	0.48711	1.0269	-1.5412	0.47394	-0.14745	0.47262	1.1943	-0.72042	1.5059	-0.94339	0.040832	0.30696	1.0668	-0.32315	-0.93587	1.4166	0.36264	-1.9137	0.31992	-1.7006	0.79092	1.3872	-0.18278	-0.90839	1.2269	-0.5107	-0.81847	-1.2618	-1.4676	0.27578	-0.33175	0.78848
-0.086557	-0.20969	-1.7215	-0.77546	0.10443	-0.42815	1.275	-1.8314	-0.1812	0.11458	-0.72236	0.12987	1.6613	-1.0504	-0.35088	-1.4191	0.72794	-1.2061	-0.85819	1.4461	0.84668	-0.73261	1.0398	-0.63611	0.10164	1.8429	2.2495	-0.44096	-0.026509	1.0692	0.59883	-0.26494	-0.21703	-0.81877	-2.3075	-0.19152	-1.1979	-0.22794	2.4683	0.033886	1.5095	-1.1107	1.2756	-1.6736	-0.27993	0.29075	0.6201	-0.12426	-1.0822	-1.2177	-0.72216	-1.0192	-0.57909	-0.95052	1.2421	0.26992	0.28347	-0.83898	0.27681	0.32301
-1.4291	-1.1892	-1.9349	0.87279	-1.0121	0.046738	0.083111	0.091216	-0.6382	-0.22635	-0.30691	1.4973	-1.1562	-0.20591	1.0664	0.42107	-1.0882	0.79315	-2.7018	-0.10989	1.9517	0.88418	1.1759	0.28662	-0.36537	0.73636	2.2894	-0.31268	1.4092	-0.12266	-0.47363	0.22494	-0.92865	0.54179	-2.0926	-2.8227	-0.15892	0.32888	1.2754	0.11967	0.95443	0.24056	0.6795	-0.96877	-0.076407	-0.59779	-0.23699	2.2967	-1.4042	0.034177	-0.3209	0.37938	1.7927	0.91231	-0.65691	-1.4338	0.84799	-0.99212	-0.71526	0.46535
-2.3244	1.5562	0.10282	-0.23409	0.80782	0.80621	-0.24917	1.1023	0.36731	1.1	0.26347	-0.65427	1.7487	-0.78321	0.63308	2.0224	-0.41335	0.63464	0.31955	0.2742	0.62096	1.2451	2.9534	1.5038	0.19688	-2.3903	0.67369	-0.19506	-1.2458	1.3058	0.79641	0.37766	-0.060723	-0.50886	-0.28857	-0.93493	-0.52254	0.72684	-2.2553	-1.772	0.02659	0.32849	-0.94883	0.53644	1.259	0.68374	-1.5634	-0.73056	-0.85381	-0.33875	-0.67128	-0.84161	1.9099	-0.33297	-0.15243	0.28636	-1.7322	-1.1416	0.46986	0.35139
-1.7726	1.1257	-0.066739	0.14169	0.10928	-0.54997	-1.8313	-0.13088	-1.565	-0.16467	0.20735	-0.053932	-1.3863	0.3666	-1.2105	0.25167	0.6032	1.5984	-2.0508	1.3039	0.3141	0.40311	-0.085812	0.70495	0.017628	-0.86732	-0.28242	0.32382	0.2041	1.3816	0.60359	-0.37507	-0.88143	0.32921	-0.29184	0.23599	0.87458	-0.49285	-0.48226	-0.25919	0.2126	2.0369	-0.87289	1.3399	-0.21543	0.8979	0.059707	-0.53421	-0.2592	0.95887	1.2668	0.96102	-0.56376	-1.2888	0.40087	0.52798	-2.5126	0.024231	2.0956	-0.18844
-0.98351	-1.0078	-1.811	-0.48944	0.30143	-0.98391	0.25347	0.78797	-0.5933	0.4922	0.56548	-0.22757	1.9564	-1.2722	0.27507	-0.92674	-0.72176	0.44097	1.0929	0.43348	1.5691	-0.66468	0.6026	-0.26967	-0.57742	-2.8004	0.93237	1.688	0.31394	1.5078	0.22298	-1.3267	-0.69992	-0.7418	1.1646	-0.41927	0.091442	-1.3331	-0.18306	-1.6259	-0.70242	0.75949	1.7097	0.48544	0.097238	1.0733	0.72802	-2.4489	-1.7916	-0.83336	-0.87361	-1.6002	-0.67825	-0.93118	1.1002	-0.60998	-1.276	-0.41627	-0.68497	0.26216
-0.35311	-1.4855	0.58032	-0.36395	-0.60003	-0.8518	0.79389	-0.10893	-1.5528	2.1708	-0.3417	0.28916	0.35483	-1.3065	1.2211	0.25112	0.14365	1.3506	0.1591	-1.6277	0.078815	1.2623	1.3076	0.35846	-1.6789	1.0938	-0.051937	0.17091	1.2637	0.49573	-3.7205	-1.7563	-0.82232	-1.3686	0.074418	0.074328	-0.69311	1.1695	-0.78808	-0.34559	-0.66738	-0.89646	0.054617	-1.3942	-0.31219	0.83032	0.81378	-1.9461	0.40672	-0.45798	0.45054	0.17212	-0.31608	-0.013316	0.6079	0.72602	-0.74969	-1.3274	-0.41905	1.02
0.52339	0.394	-0.44253	-0.76566	2.077	-0.10517	-0.033247	-0.2737	0.069715	-0.31951	-1.0442	0.72988	1.4398	0.18487	-0.74415	0.056428	1.0203	1.7831	-1.4052	-0.026148	-0.57391	0.40334	0.028194	-0.72764	-1.9851	-1.0292	-0.79056	-0.09861	1.3552	-0.58945	0.19089	0.86181	0.047481	-0.11042	-0.81007	0.64537	1.6286	0.47554	0.30731	0.23537	1.034	-0.3309	-0.51219	0.53186	-0.30648	0.89182	-1.4639	1.3264	-0.73062	0.23855	-0.46788	0.71357	-1.4175	-1.0673	1.6324	-0.97539	-0.69836	0.062317	-0.7987	0.14671
1.7953	0.068684	1.7262	-1.4497	-0.28464	-0.87404	0.3685	-1.2617	-1.7596	-0.39353	-1.815	-0.84864	-0.5473	-1.6704	0.56392	0.30561	-0.62715	-1.3923	-0.2753	-0.64862	-2.6553	0.82286	-0.047182	-2.2304	1.8201	-0.042984	-1.5956	-0.7421	0.43434	-1.8358	-0.57801	0.27191	-0.54818	0.43065	-0.48003	-0.022682	0.19073	-2.2201	-1.9182	-1.0671	0.079854	0.20279	-0.73112	1.3124	1.133	-0.17711	3.3255	-0.36531	0.98339	-0.063022	-1.7249	1.8798	-1.0636	0.073731	1.9208	0.64273	0.371	-0.14542	0.2452	1.8902
-0.70377	-0.22154	-0.45558	-0.41205	-0.17248	0.61887	0.088209	-0.76072	1.652	-0.86957	-0.33044	-0.01947	-1.6822	-1.0091	-1.2937	-2.6643	2.133	-0.73035	0.84006	0.20566	-0.80505	0.14956	0.59397	-0.95589	1.3075	1.0985	0.00404	0.49847	-1.3325	0.68367	-0.033065	1.5172	-0.85535	2.0167	0.025407	0.45073	1.4495	1.103	-0.87586	-0.91524	-0.91482	1.0748	-0.1357	-0.44471	0.082517	1.0358	-0.15889	0.30928	-2.3154	-0.66758	-1.0666	-0.63916	-0.76197	-0.42211	-0.49133	0.65775	1.4361	-1.535	1.7528	1.2831
0.14297	1.5801	0.24478	-1.0203	1.1278	2.2325	-0.77425	-1.0015	1.1383	-0.023952	-1.3638	1.6258	-0.15408	-0.79521	-0.58157	-0.49766	0.93743	-1.1557	0.46922	0.96613	-0.89826	0.2958	-1.6919	0.65891	-1.3632	1.0799	0.16644	-0.18628	-1.242	1.509	-0.11672	1.4421	-0.25815	-2.2132	1.2456	-0.72787	0.9244	-0.72224	0.61183	0.83499	1.0131	0.49905	-0.040811	0.14448	0.30234	-0.73846	0.55042	-1.0645	-1.9054	0.16657	0.19773	0.22074	1.7728	1.2329	1.8638	0.22035	0.90864	-0.59117	-0.23098	-1.7478
0.10662	0.92698	-1.0582	-0.22248	-0.72408	-0.80841	0.90239	0.067267	0.73959	0.39678	0.93579	-2.904	-1.0221	-0.17188	0.34791	1.1484	-0.63962	-0.60495	-0.28516	0.66667	0.077789	1.0969	-0.8006	0.38282	0.76279	-2.0835	0.72288	1.3959	-1.5654	-1.0127	-0.58296	1.5976	-0.13091	1.5281	-0.85092	-1.0429	0.99736	0.59331	0.28007	0.96707	0.067591	0.13991	-0.87489	0.0095056	-1.1003	-0.8907	-0.47723	0.13874	1.6028	0.37753	0.40614	0.54328	1.2037	0.58042	0.063672	-0.43304	0.59722	-1.6835	0.041733	0.94324
-0.34802	0.57682	0.17243	0.58503	-0.49347	1.6713	0.39661	0.14101	-1.1906	-0.19315	-1.4456	-0.43458	-1.2291	-0.063966	0.15221	-0.48455	1.6329	1.3689	1.4139	0.68393	0.87351	-0.56331	0.22539	-1.03	0.35129	1.0271	-0.98612	-0.319	-1.5787	0.60914	1.3435	1.1648	-0.91089	-0.5928	0.016639	-0.27845	-0.52755	-2.5245	0.63668	-0.23442	0.69336	0.26453	-2.9785	-0.30131	0.78608	1.0452	-0.31722	0.52052	0.23798	0.92187	1.9636	-0.91144	2.0999	0.21446	-0.79903	-0.81034	0.11777	0.13802	0.41091	0.82701
0.55206	-1.0245	-0.69016	-0.75889	-0.59045	0.35515	0.34072	-0.22754	-0.99884	-0.32585	0.59705	-0.071188	1.4403	-0.81839	0.29418	1.1514	-0.86027	-0.056095	-1.2147	-1.0789	-1.5956	-1.0837	0.2192	-0.38678	0.50887	1.0914	0.29614	0.85563	0.83288	2.259	0.69582	-1.4069	0.22909	0.68645	0.96212	0.83625	-0.49191	0.027691	0.3452	0.21574	2.029	-1.6045	0.85568	1.1864	-0.5906	0.49566	-0.089002	-1.0334	0.10067	1.6681	-0.39915	0.62752	-1.1213	-0.92166	-1.239	-1.4347	-0.94252	-0.89964	-0.44206	-1.6435
-0.77383	-0.77492	-0.79373	-0.31684	1.1718	-0.0047979	0.42103	1.5855	0.6846	0.12939	1.086	2.7518	-0.51696	0.84837	-0.81399	-1.2485	-0.67741	-0.073732	-1.9617	-1.3914	0.15085	0.80942	0.99351	0.64287	-0.43363	0.85532	2.1828	2.1941	0.18253	1.8795	-0.94346	-0.1834	-0.16446	0.027264	-1.9672	-0.11453	0.16863	0.32876	-1.0286	-0.39358	-1.5441	-0.73386	-0.9699	-0.34963	0.16924	0.84796	-1.0691	0.29362	1.0865	0.96132	-1.5944	0.73202	-0.16877	1.3814	0.9293	-0.34885	0.26942	0.51085	-2.4612	-0.61399
-0.60375	-1.1448	-2.2324	0.84004	-0.61379	1.1722	-0.95824	0.95313	0.70345	0.5599	-1.038	-0.33656	-0.46994	-0.95989	-0.44503	-1.6212	-0.15739	-0.19746	-0.83137	0.79901	-0.88638	-0.085232	0.68724	0.37358	-2.2604	-0.90682	-0.27048	-0.69248	-1.493	0.013329	-0.036604	1.2513	0.24801	0.7955	-0.038395	-1.7351	-1.4733	-0.7514	-0.43373	0.57635	-0.83446	-0.6288	0.25585	-0.56205	-1.2284	-0.55404	-0.68028	0.69116	0.22194	0.54593	-0.45975	2.1167	0.1091	-0.91983	-1.3236	0.09865	-0.40664	-1.3519	-0.46982	-1.628
1.0419	1.9437	0.74024	-0.32318	1.3596	0.29103	-2.219	-0.14463	0.0787	0.56222	-0.16428	1.7021	-1.3284	2.4592	1.3522	-0.24677	0.28802	-0.87267	-0.93076	-0.20285	0.70573	0.64464	1.8514	-0.60255	-0.61074	-2.3271	-0.71302	0.52562	0.42788	-0.60671	-1.6864	-0.53761	1.7961	-1.3843	-0.46262	-1.6146	1.1645	0.78644	0.16034	-0.047539	1.4789	0.57777	-0.0035318	0.13666	1.539	0.49484	0.26886	0.56857	-0.098591	-0.98722	0.36761	-1.6223	-0.69415	1.0579	-0.69458	0.27011	-0.21527	0.27746	0.4236	-0.50092
-3.2437	1.0212	-0.55792	0.2848	0.96956	-1.0824	1.2562	0.74117	0.12238	-0.35879	1.2052	0.0094628	0.53234	2.6929	0.55464	1.1765	-0.050684	1.8023	-0.095097	-0.12637	0.85487	-0.84058	2.1297	-0.32264	0.77256	0.47641	0.9351	-0.14818	-1.3763	0.47247	1.3541	-1.1999	-0.78192	-0.7012	0.85185	-0.27711	0.22287	-1.7448	-0.77263	-0.69948	-1.2659	1.174	1.0399	-1.5672	0.24987	-0.96555	-0.16575	0.045679	1.7096	0.37044	-0.65645	0.83138	0.876	0.13831	2.2422	-0.16677	-0.45905	0.54619	-1.3023	-0.41152
-0.82456	1.3665	0.70685	0.60757	0.91982	0.89939	0.032717	-1.4159	-1.6809	0.037781	1.6635	0.93167	1.0477	1.7938	-0.48512	-0.63363	1.1019	-0.71702	2.2	1.1114	-0.41389	-0.15095	0.74358	0.9319	1.1678	0.37389	-1.041	0.076015	-1.5433	0.82497	0.53648	-0.10959	-0.95135	1.0239	0.73324	-0.96199	-1.3343	1.0042	0.60851	0.035924	0.25535	0.69716	-0.43118	1.5539	0.34665	-0.76649	-0.49345	1.5045	-0.64986	-1.0605	1.1547	0.31926	2.2035	-0.26791	0.63805	-0.019369	0.43226	-1.5897	0.24965	0.76311
-0.0087517	-0.35969	0.025904	-2.0893	1.2419	0.34214	0.55059	0.6547	0.28681	1.4184	-1.1189	-0.098239	1.0841	-0.01455	0.64293	-1.6199	0.34875	1.0834	-2.2401	-0.2333	-1.2508	-1.0278	0.59519	1.0926	-0.19488	-0.53576	1.8184	-0.099746	0.36622	-0.35863	0.52362	-1.208	0.037696	-0.85943	-0.16477	0.71589	1.9593	-0.45204	0.53325	-0.45706	0.089446	2.7826	0.18133	-0.59695	1.0022	0.92481	-1.5217	-0.64009	-0.44802	-0.25367	0.10491	-0.56036	0.43344	0.47076	-0.84257	0.37592	-1.1219	0.82489	-0.21385	0.72003
-1.5168	0.78186	-0.27627	-0.072641	-0.27172	0.67124	1.8027	0.8961	0.02945	-0.74758	0.084047	-1.5572	-0.087357	0.94207	-0.087498	1.1928	-0.49817	0.43755	0.33004	-0.99397	-0.11436	1.4143	-0.72998	0.24961	-0.53401	-1.4284	-0.47256	0.38507	-0.43952	0.42813	-0.11628	-0.084366	1.2861	-0.87097	-0.33283	1.4386	1.6944	-0.86319	0.43928	-1.2469	0.6577	0.13313	-1.0138	0.50897	1.2645	-0.15761	-0.89863	-1.118	-1.2419	0.39846	0.33939	-0.78358	0.75403	-1.0656	1.4874	-2.1277	-0.27377	0.75331	0.012275	0.04907
-0.77638	1.9653	-0.46034	0.698	1.2113	-0.33976	1.4486	0.44391	-1.4878	-0.47128	-0.14522	0.6901	0.71271	0.69706	-1.447	-1.5258	1.3455	0.82345	0.41218	1.7541	2.0555	-0.56275	0.25065	0.63727	0.14507	0.2055	0.19787	1.0472	-2.7802	0.20524	-0.25508	-0.68073	0.14827	0.34963	-0.47359	-0.16714	-1.6499	-1.1143	-0.37331	-0.17038	-1.067	-1.1806	0.61292	0.13483	1.3769	0.54574	-1.1656	-2.2186	0.13924	-0.22714	0.55456	0.91397	-0.20018	0.14879	-0.72136	1.2013	0.051885	-0.53259	-0.45745	1.8183
0.77552	0.42044	0.33693	0.45433	0.47225	0.0063762	1.7116	-0.23943	-0.84344	-0.41275	1.183	1.1477	1.172	-0.21415	0.15094	-1.8143	0.9456	-0.10749	0.056039	0.80582	-0.48174	0.22153	-0.92636	-0.73782	0.26915	0.07268	-1.8486	-0.2702	3.1841	0.50858	-0.063508	-0.48459	-2.1024	-0.17137	-3.3927	-1.2315	-1.4551	-0.21329	1.0736	0.51595	-0.44367	-1.6265	-0.53317	-1.1856	0.42948	-0.58562	1.4167	-0.11738	-1.5189	0.079236	0.71737	-0.49594	0.61774	0.3393	0.38445	-0.32655	-0.12764	-0.13427	-0.12848	-1.4557
